-0,19531	-0,06348	-19,53125	-0,63477
-0,19434	-0,06348	-19,43359	-0,63477
-0,19238	-0,06348	-19,23828	-0,63477
-0,19019	-0,05859	-19,01855	-0,58594
-0,19067	-0,05859	-19,06738	-0,58594
-0,18945	-0,06348	-18,94531	-0,63477
-0,18774	-0,05859	-18,77441	-0,58594
-0,18701	-0,06348	-18,70117	-0,63477
-0,18555	-0,05859	-18,55469	-0,58594
-0,18384	-0,05859	-18,38379	-0,58594
-0,18384	-0,05859	-18,38379	-0,58594
-0,18091	-0,05859	-18,09082	-0,58594
-0,17920	-0,05859	-17,91992	-0,58594
-0,17969	-0,05859	-17,96875	-0,58594
-0,17871	-0,05859	-17,87109	-0,58594
-0,17749	-0,05859	-17,74902	-0,58594
-0,17627	-0,05859	-17,62695	-0,58594
-0,17407	-0,05859	-17,40723	-0,58594
-0,17358	-0,05859	-17,35840	-0,58594
-0,17261	-0,05859	-17,26074	-0,58594
-0,16992	-0,05859	-16,99219	-0,58594
-0,17065	-0,05859	-17,06543	-0,58594
-0,16895	-0,05859	-16,89453	-0,58594
-0,16748	-0,05859	-16,74805	-0,58594
-0,16724	-0,05859	-16,72363	-0,58594
-0,16455	-0,05859	-16,45508	-0,58594
-0,16357	-0,05371	-16,35742	-0,53711
-0,16284	-0,05859	-16,28418	-0,58594
-0,16211	-0,05859	-16,21094	-0,58594
-0,16040	-0,05371	-16,04004	-0,53711
-0,15942	-0,05859	-15,94238	-0,58594
-0,15771	-0,05371	-15,77148	-0,53711
-0,15771	-0,05371	-15,77148	-0,53711
-0,15576	-0,05371	-15,57617	-0,53711
-0,15552	-0,05371	-15,55176	-0,53711
-0,15234	-0,05859	-15,23438	-0,58594
-0,15161	-0,05371	-15,16113	-0,53711
-0,15112	-0,05371	-15,11230	-0,53711
-0,15088	-0,05371	-15,08789	-0,53711
-0,14868	-0,05371	-14,86816	-0,53711
-0,14844	-0,05371	-14,84375	-0,53711
-0,14624	-0,05371	-14,62402	-0,53711
-0,14453	-0,05371	-14,45313	-0,53711
-0,14429	-0,05371	-14,42871	-0,53711
-0,14307	-0,05371	-14,30664	-0,53711
-0,14087	-0,05371	-14,08691	-0,53711
-0,13989	-0,05371	-13,98926	-0,53711
-0,13965	-0,05371	-13,96484	-0,53711
-0,13770	-0,04883	-13,76953	-0,48828
-0,13647	-0,05371	-13,64746	-0,53711
-0,13550	-0,05371	-13,54980	-0,53711
-0,13452	-0,05371	-13,45215	-0,53711
-0,13330	-0,05371	-13,33008	-0,53711
-0,13208	-0,05371	-13,20801	-0,53711
-0,13037	-0,04883	-13,03711	-0,48828
-0,13013	-0,04883	-13,01270	-0,48828
-0,12769	-0,04883	-12,76855	-0,48828
-0,12744	-0,04883	-12,74414	-0,48828
-0,12598	-0,04883	-12,59766	-0,48828
-0,12500	-0,04883	-12,50000	-0,48828
-0,12354	-0,04883	-12,35352	-0,48828
-0,12183	-0,04883	-12,18262	-0,48828
-0,12036	-0,04883	-12,03613	-0,48828
-0,11938	-0,04883	-11,93848	-0,48828
-0,11792	-0,04883	-11,79199	-0,48828
-0,11792	-0,04883	-11,79199	-0,48828
-0,11646	-0,04883	-11,64551	-0,48828
-0,11426	-0,04883	-11,42578	-0,48828
-0,11401	-0,04883	-11,40137	-0,48828
-0,11328	-0,04883	-11,32813	-0,48828
-0,11157	-0,04395	-11,15723	-0,43945
-0,10962	-0,04883	-10,96191	-0,48828
-0,10962	-0,04395	-10,96191	-0,43945
-0,10840	-0,04395	-10,83984	-0,43945
-0,10645	-0,04395	-10,64453	-0,43945
-0,10596	-0,04395	-10,59570	-0,43945
-0,10425	-0,04395	-10,42480	-0,43945
-0,10376	-0,04395	-10,37598	-0,43945
-0,10229	-0,04395	-10,22949	-0,43945
-0,10181	-0,04395	-10,18066	-0,43945
-0,10059	-0,04395	-10,05859	-0,43945
-0,09912	-0,04395	-9,91211	-0,43945
-0,09692	-0,04395	-9,69238	-0,43945
-0,09570	-0,03906	-9,57031	-0,39063
-0,09546	-0,04395	-9,54590	-0,43945
-0,09424	-0,04395	-9,42383	-0,43945
-0,09277	-0,03906	-9,27734	-0,39063
-0,09155	-0,03906	-9,15527	-0,39063
-0,09033	-0,03906	-9,03320	-0,39063
-0,09033	-0,03906	-9,03320	-0,39063
-0,08813	-0,03906	-8,81348	-0,39063
-0,08716	-0,03906	-8,71582	-0,39063
-0,08569	-0,03906	-8,56934	-0,39063
-0,08496	-0,03906	-8,49609	-0,39063
-0,08350	-0,03906	-8,34961	-0,39063
-0,08276	-0,03906	-8,27637	-0,39063
-0,08057	-0,03418	-8,05664	-0,34180
-0,07935	-0,03418	-7,93457	-0,34180
-0,07837	-0,03418	-7,83691	-0,34180
-0,07861	-0,03418	-7,86133	-0,34180
-0,07593	-0,03418	-7,59277	-0,34180
-0,07422	-0,03418	-7,42188	-0,34180
-0,07324	-0,03418	-7,32422	-0,34180
-0,07324	-0,03418	-7,32422	-0,34180
-0,07153	-0,03418	-7,15332	-0,34180
-0,07007	-0,03418	-7,00684	-0,34180
-0,06885	-0,03418	-6,88477	-0,34180
-0,06665	-0,02930	-6,66504	-0,29297
-0,06714	-0,02930	-6,71387	-0,29297
-0,06567	-0,02930	-6,56738	-0,29297
-0,06543	-0,02930	-6,54297	-0,29297
-0,06348	-0,02930	-6,34766	-0,29297
-0,06226	-0,02441	-6,22559	-0,24414
-0,06055	-0,02441	-6,05469	-0,24414
-0,06030	-0,02930	-6,03027	-0,29297
-0,05835	-0,02930	-5,83496	-0,29297
-0,05786	-0,02441	-5,78613	-0,24414
-0,05664	-0,02441	-5,66406	-0,24414
-0,05469	-0,02441	-5,46875	-0,24414
-0,05298	-0,02441	-5,29785	-0,24414
-0,05176	-0,01953	-5,17578	-0,19531
-0,05151	-0,02441	-5,15137	-0,24414
-0,05054	-0,01953	-5,05371	-0,19531
-0,04956	-0,01953	-4,95605	-0,19531
-0,04858	-0,01953	-4,85840	-0,19531
-0,04712	-0,01953	-4,71191	-0,19531
-0,04541	-0,01953	-4,54102	-0,19531
-0,04395	-0,01465	-4,39453	-0,14648
-0,04272	-0,01465	-4,27246	-0,14648
-0,04248	-0,01465	-4,24805	-0,14648
-0,04126	-0,01465	-4,12598	-0,14648
-0,03955	-0,01465	-3,95508	-0,14648
-0,03906	-0,00977	-3,90625	-0,09766
-0,03662	-0,00977	-3,66211	-0,09766
-0,03589	-0,00977	-3,58887	-0,09766
-0,03589	-0,00977	-3,58887	-0,09766
-0,03467	-0,00488	-3,46680	-0,04883
-0,03223	-0,00488	-3,22266	-0,04883
-0,03198	-0,00488	-3,19824	-0,04883
-0,03052	-0,00488	-3,05176	-0,04883
-0,02954	-0,00488	-2,95410	-0,04883
-0,02783	0,00000	-2,78320	0,00000
-0,02686	0,00000	-2,68555	0,00000
-0,02466	0,00488	-2,46582	0,04883
-0,02417	0,00488	-2,41699	0,04883
-0,02368	0,00488	-2,36816	0,04883
-0,02173	0,00488	-2,17285	0,04883
-0,02124	0,00977	-2,12402	0,09766
-0,02002	0,00977	-2,00195	0,09766
-0,01880	0,01465	-1,87988	0,14648
-0,01685	0,01465	-1,68457	0,14648
-0,01538	0,01953	-1,53809	0,19531
-0,01465	0,01953	-1,46484	0,19531
-0,01440	0,02441	-1,44043	0,24414
-0,01245	0,02930	-1,24512	0,29297
-0,01221	0,03418	-1,22070	0,34180
-0,01074	0,03418	-1,07422	0,34180
-0,00903	0,04395	-0,90332	0,43945
-0,00854	0,04395	-0,85449	0,43945
-0,00659	0,05371	-0,65918	0,53711
-0,00586	0,05859	-0,58594	0,58594
-0,00464	0,06836	-0,46387	0,68359
-0,00366	0,07813	-0,36621	0,78125
-0,00317	0,08301	-0,31738	0,83008
-0,00146	0,09766	-0,14648	0,97656
0,00024	0,10742	0,02441	1,07422
0,00171	0,12695	0,17090	1,26953
0,00195	0,13672	0,19531	1,36719
0,00269	0,15625	0,26855	1,56250
0,00293	0,17578	0,29297	1,75781
0,00562	0,20020	0,56152	2,00195
0,00610	0,22461	0,61035	2,24609
0,00610	0,25391	0,61035	2,53906
0,00708	0,27832	0,70801	2,78320
0,00854	0,31250	0,85449	3,12500
0,00952	0,34180	0,95215	3,41797
0,01001	0,39551	1,00098	3,95508
0,01172	0,42480	1,17188	4,24805
0,01270	0,47852	1,26953	4,78516
0,01294	0,52734	1,29395	5,27344
0,01318	0,56641	1,31836	5,66406
0,01392	0,63477	1,39160	6,34766
0,01440	0,68359	1,44043	6,83594
0,01538	0,75195	1,53809	7,51953
0,01563	0,78613	1,56250	7,86133
0,01636	0,86914	1,63574	8,69141
0,01685	0,92285	1,68457	9,22852
0,01733	1,00586	1,73340	10,05859
0,01733	1,05957	1,73340	10,59570
0,01855	1,12305	1,85547	11,23047
0,01929	1,19141	1,92871	11,91406
0,01904	1,28418	1,90430	12,84180
0,02026	1,34766	2,02637	13,47656
0,02026	1,44043	2,02637	14,40430
0,02051	1,47949	2,05078	14,79492
0,02100	1,58691	2,09961	15,86914
0,02075	1,64551	2,07520	16,45508
0,02100	1,76270	2,09961	17,62695
0,02222	1,85547	2,22168	18,55469
0,02197	1,90430	2,19727	19,04297
0,02271	2,01660	2,27051	20,16602
0,02222	2,08008	2,22168	20,80078
0,02295	2,20703	2,29492	22,07031
0,02393	2,26563	2,39258	22,65625
0,02344	2,35352	2,34375	23,53516
0,02490	2,43652	2,49023	24,36523
0,02466	2,52441	2,46582	25,24414
0,02466	2,63184	2,46582	26,31836
0,02588	2,72461	2,58789	27,24609
0,02612	2,78320	2,61230	27,83203
0,02637	2,90039	2,63672	29,00391
0,02612	2,95898	2,61230	29,58984
0,02661	3,10059	2,66113	31,00586
0,02637	3,16406	2,63672	31,64063
0,02734	3,26660	2,73438	32,66602
0,02686	3,33984	2,68555	33,39844
0,02661	3,44238	2,66113	34,42383
0,02759	3,58398	2,75879	35,83984
0,02734	3,64746	2,73438	36,47461
0,02783	3,74512	2,78320	37,45117
0,02832	3,82813	2,83203	38,28125
0,02881	3,92578	2,88086	39,25781
0,02832	4,03320	2,83203	40,33203
0,02979	4,13574	2,97852	41,35742
0,02930	4,19434	2,92969	41,94336
0,03003	4,32129	3,00293	43,21289
0,02979	4,37988	2,97852	43,79883
0,03101	4,52637	3,10059	45,26367
0,03003	4,58984	3,00293	45,89844
0,03101	4,68750	3,10059	46,87500
0,03149	4,77051	3,14941	47,70508
0,03174	4,87305	3,17383	48,73047
0,03174	4,97559	3,17383	49,75586
0,03149	5,08301	3,14941	50,83008
0,03247	5,13672	3,24707	51,36719
0,03296	5,25391	3,29590	52,53906
0,03296	5,34668	3,29590	53,46680
0,03394	5,44434	3,39355	54,44336
0,03296	5,52734	3,29590	55,27344
0,03394	5,56641	3,39355	55,66406
0,03418	5,65918	3,41797	56,59180
0,03516	5,69824	3,51563	56,98242
0,03638	5,78613	3,63770	57,86133
0,03662	5,82520	3,66211	58,25195
0,03809	5,87891	3,80859	58,78906
0,03735	5,91797	3,73535	59,17969
0,03882	5,96680	3,88184	59,66797
0,04004	6,01563	4,00391	60,15625
0,03979	6,05957	3,97949	60,59570
0,04150	6,08398	4,15039	60,83984
0,04272	6,13770	4,27246	61,37695
0,04248	6,16211	4,24805	61,62109
0,04321	6,22070	4,32129	62,20703
0,04321	6,24512	4,32129	62,45117
0,04517	6,27930	4,51660	62,79297
0,04541	6,31348	4,54102	63,13477
0,04639	6,35742	4,63867	63,57422
0,04858	6,41602	4,85840	64,16016
0,04834	6,44043	4,83398	64,40430
0,04907	6,45508	4,90723	64,55078
0,04932	6,45508	4,93164	64,55078
0,05151	6,45508	5,15137	64,55078
0,05200	6,45020	5,20020	64,50195
0,05200	6,45508	5,20020	64,55078
0,05322	6,45020	5,32227	64,50195
0,05396	6,45996	5,39551	64,59961
0,05664	6,45996	5,66406	64,59961
0,05640	6,46484	5,63965	64,64844
0,05811	6,46973	5,81055	64,69727
0,05835	6,47461	5,83496	64,74609
0,05908	6,47461	5,90820	64,74609
0,05957	6,47949	5,95703	64,79492
0,06006	6,47949	6,00586	64,79492
0,06104	6,48926	6,10352	64,89258
0,06201	6,48926	6,20117	64,89258
0,06348	6,48438	6,34766	64,84375
0,06445	6,48438	6,44531	64,84375
0,06494	6,48438	6,49414	64,84375
0,06592	6,47949	6,59180	64,79492
0,06714	6,48926	6,71387	64,89258
0,06885	6,48926	6,88477	64,89258
0,06860	6,47949	6,86035	64,79492
0,07031	6,48438	7,03125	64,84375
0,07104	6,48926	7,10449	64,89258
0,07104	6,48438	7,10449	64,84375
0,07397	6,48926	7,39746	64,89258
0,07300	6,48438	7,29980	64,84375
0,07520	6,48438	7,51953	64,84375
0,07495	6,48438	7,49512	64,84375
0,07690	6,48926	7,69043	64,89258
0,07690	6,48438	7,69043	64,84375
0,07861	6,48438	7,86133	64,84375
0,07959	6,48438	7,95898	64,84375
0,07959	6,48438	7,95898	64,84375
0,08081	6,48438	8,08105	64,84375
0,08252	6,49414	8,25195	64,94141
0,08252	6,48926	8,25195	64,89258
0,08545	6,48926	8,54492	64,89258
0,08472	6,48438	8,47168	64,84375
0,08691	6,49414	8,69141	64,94141
0,08691	6,49414	8,69141	64,94141
