-0,19531	-0,00732	-19,53125	-0,07324
-0,19482	-0,00977	-19,48242	-0,09766
-0,19360	-0,00732	-19,36035	-0,07324
-0,19067	-0,00732	-19,06738	-0,07324
-0,19116	-0,00732	-19,11621	-0,07324
-0,18970	-0,00732	-18,96973	-0,07324
-0,18872	-0,00732	-18,87207	-0,07324
-0,18823	-0,00977	-18,82324	-0,09766
-0,18726	-0,00977	-18,72559	-0,09766
-0,18628	-0,00732	-18,62793	-0,07324
-0,18652	-0,00732	-18,65234	-0,07324
-0,18481	-0,00732	-18,48145	-0,07324
-0,18433	-0,00732	-18,43262	-0,07324
-0,18286	-0,00732	-18,28613	-0,07324
-0,18164	-0,00732	-18,16406	-0,07324
-0,18066	-0,00732	-18,06641	-0,07324
-0,18042	-0,00732	-18,04199	-0,07324
-0,17969	-0,00977	-17,96875	-0,09766
-0,17798	-0,00732	-17,79785	-0,07324
-0,17700	-0,00732	-17,70020	-0,07324
-0,17529	-0,00732	-17,52930	-0,07324
-0,17456	-0,00732	-17,45605	-0,07324
-0,17456	-0,00732	-17,45605	-0,07324
-0,17261	-0,00732	-17,26074	-0,07324
-0,17236	-0,00732	-17,23633	-0,07324
-0,17017	-0,00732	-17,01660	-0,07324
-0,16919	-0,00732	-16,91895	-0,07324
-0,16919	-0,00488	-16,91895	-0,04883
-0,16821	-0,00732	-16,82129	-0,07324
-0,16553	-0,00732	-16,55273	-0,07324
-0,16602	-0,00732	-16,60156	-0,07324
-0,16626	-0,00732	-16,62598	-0,07324
-0,16406	-0,00732	-16,40625	-0,07324
-0,16333	-0,00732	-16,33301	-0,07324
-0,16333	-0,00488	-16,33301	-0,04883
-0,16089	-0,00732	-16,08887	-0,07324
-0,16089	-0,00732	-16,08887	-0,07324
-0,16016	-0,00732	-16,01563	-0,07324
-0,15894	-0,00732	-15,89355	-0,07324
-0,15820	-0,00732	-15,82031	-0,07324
-0,15771	-0,00488	-15,77148	-0,04883
-0,15503	-0,00732	-15,50293	-0,07324
-0,15503	-0,00732	-15,50293	-0,07324
-0,15430	-0,00488	-15,42969	-0,04883
-0,15356	-0,00488	-15,35645	-0,04883
-0,15088	-0,00488	-15,08789	-0,04883
-0,15088	-0,00732	-15,08789	-0,07324
-0,14990	-0,00488	-14,99023	-0,04883
-0,14844	-0,00488	-14,84375	-0,04883
-0,14795	-0,00488	-14,79492	-0,04883
-0,14673	-0,00488	-14,67285	-0,04883
-0,14600	-0,00488	-14,59961	-0,04883
-0,14575	-0,00488	-14,57520	-0,04883
-0,14453	-0,00488	-14,45313	-0,04883
-0,14258	-0,00488	-14,25781	-0,04883
-0,14258	-0,00732	-14,25781	-0,07324
-0,14087	-0,00488	-14,08691	-0,04883
-0,13940	-0,00488	-13,94043	-0,04883
-0,13965	-0,00488	-13,96484	-0,04883
-0,13818	-0,00488	-13,81836	-0,04883
-0,13696	-0,00488	-13,69629	-0,04883
-0,13721	-0,00488	-13,72070	-0,04883
-0,13672	-0,00488	-13,67188	-0,04883
-0,13501	-0,00488	-13,50098	-0,04883
-0,13354	-0,00488	-13,35449	-0,04883
-0,13232	-0,00488	-13,23242	-0,04883
-0,13159	-0,00488	-13,15918	-0,04883
-0,13110	-0,00488	-13,11035	-0,04883
-0,12964	-0,00244	-12,96387	-0,02441
-0,12866	-0,00488	-12,86621	-0,04883
-0,12744	-0,00488	-12,74414	-0,04883
-0,12646	-0,00488	-12,64648	-0,04883
-0,12549	-0,00244	-12,54883	-0,02441
-0,12500	-0,00488	-12,50000	-0,04883
-0,12402	-0,00488	-12,40234	-0,04883
-0,12256	-0,00488	-12,25586	-0,04883
-0,12109	-0,00488	-12,10938	-0,04883
-0,12134	-0,00488	-12,13379	-0,04883
-0,11963	-0,00488	-11,96289	-0,04883
-0,11841	-0,00488	-11,84082	-0,04883
-0,11865	-0,00244	-11,86523	-0,02441
-0,11646	-0,00244	-11,64551	-0,02441
-0,11621	-0,00488	-11,62109	-0,04883
-0,11548	-0,00488	-11,54785	-0,04883
-0,11499	-0,00488	-11,49902	-0,04883
-0,11377	-0,00244	-11,37695	-0,02441
-0,11182	-0,00244	-11,18164	-0,02441
-0,11060	-0,00244	-11,05957	-0,02441
-0,11035	-0,00244	-11,03516	-0,02441
-0,10938	-0,00244	-10,93750	-0,02441
-0,10767	-0,00244	-10,76660	-0,02441
-0,10767	-0,00244	-10,76660	-0,02441
-0,10645	-0,00244	-10,64453	-0,02441
-0,10522	-0,00244	-10,52246	-0,02441
-0,10571	-0,00244	-10,57129	-0,02441
-0,10449	-0,00244	-10,44922	-0,02441
-0,10352	-0,00244	-10,35156	-0,02441
-0,10278	-0,00244	-10,27832	-0,02441
-0,10107	-0,00244	-10,10742	-0,02441
-0,10010	-0,00244	-10,00977	-0,02441
-0,09741	-0,00244	-9,74121	-0,02441
-0,09766	0,00000	-9,76563	0,00000
-0,09717	-0,00244	-9,71680	-0,02441
-0,09595	-0,00244	-9,59473	-0,02441
-0,09473	-0,00244	-9,47266	-0,02441
-0,09424	-0,00244	-9,42383	-0,02441
-0,09277	-0,00244	-9,27734	-0,02441
-0,09229	-0,00244	-9,22852	-0,02441
-0,09106	-0,00244	-9,10645	-0,02441
-0,09033	0,00000	-9,03320	0,00000
-0,08960	0,00000	-8,95996	0,00000
-0,08838	-0,00244	-8,83789	-0,02441
-0,08765	0,00000	-8,76465	0,00000
-0,08667	0,00000	-8,66699	0,00000
-0,08521	0,00000	-8,52051	0,00000
-0,08325	-0,00244	-8,32520	-0,02441
-0,08276	-0,00244	-8,27637	-0,02441
-0,08203	0,00000	-8,20313	0,00000
-0,08081	0,00000	-8,08105	0,00000
-0,08105	0,00000	-8,10547	0,00000
-0,07910	0,00000	-7,91016	0,00000
-0,07935	0,00000	-7,93457	0,00000
-0,07837	0,00000	-7,83691	0,00000
-0,07788	0,00000	-7,78809	0,00000
-0,07544	0,00000	-7,54395	0,00000
-0,07397	0,00000	-7,39746	0,00000
-0,07397	0,00000	-7,39746	0,00000
-0,07324	0,00244	-7,32422	0,02441
-0,07227	0,00000	-7,22656	0,00000
-0,07007	0,00000	-7,00684	0,00000
-0,06909	0,00000	-6,90918	0,00000
-0,06860	0,00000	-6,86035	0,00000
-0,06860	0,00000	-6,86035	0,00000
-0,06665	0,00244	-6,66504	0,02441
-0,06592	0,00244	-6,59180	0,02441
-0,06567	0,00000	-6,56738	0,00000
-0,06348	0,00244	-6,34766	0,02441
-0,06372	0,00244	-6,37207	0,02441
-0,06250	0,00000	-6,25000	0,00000
-0,06152	0,00244	-6,15234	0,02441
-0,06030	0,00244	-6,03027	0,02441
-0,05908	0,00244	-5,90820	0,02441
-0,05786	0,00244	-5,78613	0,02441
-0,05737	0,00244	-5,73730	0,02441
-0,05737	0,00244	-5,73730	0,02441
-0,05591	0,00244	-5,59082	0,02441
-0,05493	0,00244	-5,49316	0,02441
-0,05347	0,00244	-5,34668	0,02441
-0,05322	0,00244	-5,32227	0,02441
-0,05200	0,00244	-5,20020	0,02441
-0,05029	0,00488	-5,02930	0,04883
-0,05005	0,00488	-5,00488	0,04883
-0,04810	0,00244	-4,80957	0,02441
-0,04761	0,00488	-4,76074	0,04883
-0,04761	0,00244	-4,76074	0,02441
-0,04541	0,00488	-4,54102	0,04883
-0,04468	0,00488	-4,46777	0,04883
-0,04419	0,00488	-4,41895	0,04883
-0,04248	0,00488	-4,24805	0,04883
-0,04175	0,00488	-4,17480	0,04883
-0,04199	0,00488	-4,19922	0,04883
-0,04028	0,00488	-4,02832	0,04883
-0,03955	0,00488	-3,95508	0,04883
-0,03833	0,00488	-3,83301	0,04883
-0,03735	0,00488	-3,73535	0,04883
-0,03638	0,00488	-3,63770	0,04883
-0,03613	0,00732	-3,61328	0,07324
-0,03516	0,00488	-3,51563	0,04883
-0,03320	0,00732	-3,32031	0,07324
-0,03198	0,00732	-3,19824	0,07324
-0,03223	0,00732	-3,22266	0,07324
-0,03003	0,00732	-3,00293	0,07324
-0,02905	0,00732	-2,90527	0,07324
-0,02930	0,00732	-2,92969	0,07324
-0,02783	0,00732	-2,78320	0,07324
-0,02686	0,00732	-2,68555	0,07324
-0,02637	0,00732	-2,63672	0,07324
-0,02515	0,00732	-2,51465	0,07324
-0,02417	0,00732	-2,41699	0,07324
-0,02319	0,00732	-2,31934	0,07324
-0,02100	0,00977	-2,09961	0,09766
-0,02075	0,00977	-2,07520	0,09766
-0,02051	0,00977	-2,05078	0,09766
-0,01807	0,00977	-1,80664	0,09766
-0,01880	0,00977	-1,87988	0,09766
-0,01782	0,00977	-1,78223	0,09766
-0,01587	0,00977	-1,58691	0,09766
-0,01587	0,01221	-1,58691	0,12207
-0,01440	0,00977	-1,44043	0,09766
-0,01343	0,01221	-1,34277	0,12207
-0,01318	0,01221	-1,31836	0,12207
-0,01099	0,01221	-1,09863	0,12207
-0,01050	0,01221	-1,04980	0,12207
-0,00806	0,01221	-0,80566	0,12207
-0,00781	0,01465	-0,78125	0,14648
-0,00757	0,01221	-0,75684	0,12207
-0,00586	0,01465	-0,58594	0,14648
-0,00562	0,01465	-0,56152	0,14648
-0,00464	0,01465	-0,46387	0,14648
-0,00391	0,01465	-0,39063	0,14648
-0,00342	0,01465	-0,34180	0,14648
-0,00171	0,01709	-0,17090	0,17090
-0,00098	0,01709	-0,09766	0,17090
-0,00024	0,01953	-0,02441	0,19531
0,00171	0,01953	0,17090	0,19531
0,00244	0,02197	0,24414	0,21973
0,00317	0,02197	0,31738	0,21973
0,00391	0,02686	0,39063	0,26855
0,00513	0,02930	0,51270	0,29297
0,00537	0,03662	0,53711	0,36621
0,00635	0,04150	0,63477	0,41504
0,00781	0,05371	0,78125	0,53711
0,00952	0,06348	0,95215	0,63477
0,01025	0,07080	1,02539	0,70801
0,01025	0,07324	1,02539	0,73242
0,01172	0,07813	1,17188	0,78125
0,01367	0,08545	1,36719	0,85449
0,01294	0,08789	1,29395	0,87891
0,01489	0,09521	1,48926	0,95215
0,01538	0,09766	1,53809	0,97656
0,01538	0,10010	1,53809	1,00098
0,01636	0,10498	1,63574	1,04980
0,01685	0,10742	1,68457	1,07422
0,01929	0,11230	1,92871	1,12305
0,02051	0,11230	2,05078	1,12305
0,02051	0,11475	2,05078	1,14746
0,02075	0,11963	2,07520	1,19629
0,02295	0,12207	2,29492	1,22070
0,02271	0,12451	2,27051	1,24512
0,02393	0,12695	2,39258	1,26953
0,02515	0,12939	2,51465	1,29395
0,02563	0,13184	2,56348	1,31836
0,02759	0,13672	2,75879	1,36719
0,02856	0,13916	2,85645	1,39160
0,02881	0,14160	2,88086	1,41602
0,03027	0,14404	3,02734	1,44043
0,03125	0,14648	3,12500	1,46484
0,03198	0,14648	3,19824	1,46484
0,03345	0,15137	3,34473	1,51367
0,03369	0,15137	3,36914	1,51367
0,03467	0,15381	3,46680	1,53809
0,03540	0,15381	3,54004	1,53809
0,03784	0,15869	3,78418	1,58691
0,03833	0,16113	3,83301	1,61133
0,03784	0,16113	3,78418	1,61133
0,04004	0,16602	4,00391	1,66016
0,04028	0,16846	4,02832	1,68457
0,04053	0,16846	4,05273	1,68457
0,04224	0,17090	4,22363	1,70898
0,04272	0,17334	4,27246	1,73340
0,04370	0,17334	4,37012	1,73340
0,04468	0,17578	4,46777	1,75781
0,04541	0,17578	4,54102	1,75781
0,04761	0,18066	4,76074	1,80664
0,04883	0,18311	4,88281	1,83105
0,04907	0,18311	4,90723	1,83105
0,04907	0,18555	4,90723	1,85547
0,04980	0,18799	4,98047	1,87988
0,05200	0,18799	5,20020	1,87988
0,05249	0,19043	5,24902	1,90430
0,05347	0,19287	5,34668	1,92871
0,05469	0,19287	5,46875	1,92871
0,05493	0,19531	5,49316	1,95313
0,05566	0,19775	5,56641	1,97754
0,05786	0,19775	5,78613	1,97754
0,05835	0,19775	5,83496	1,97754
0,05908	0,20020	5,90820	2,00195
0,06030	0,20264	6,03027	2,02637
0,06128	0,20264	6,12793	2,02637
0,06177	0,20508	6,17676	2,05078
0,06323	0,20752	6,32324	2,07520
0,06543	0,20752	6,54297	2,07520
0,06421	0,20752	6,42090	2,07520
0,06641	0,21240	6,64063	2,12402
0,06763	0,21240	6,76270	2,12402
0,06836	0,21484	6,83594	2,14844
0,06885	0,21484	6,88477	2,14844
0,06934	0,21729	6,93359	2,17285
0,07080	0,21729	7,08008	2,17285
0,07129	0,21973	7,12891	2,19727
0,07300	0,22217	7,29980	2,22168
0,07349	0,22217	7,34863	2,22168
0,07373	0,22217	7,37305	2,22168
0,07544	0,22705	7,54395	2,27051
0,07544	0,22949	7,54395	2,29492
0,07715	0,22705	7,71484	2,27051
0,07837	0,22949	7,83691	2,29492
0,07813	0,22949	7,81250	2,29492
0,07983	0,23193	7,98340	2,31934
0,08032	0,23438	8,03223	2,34375
0,08179	0,23438	8,17871	2,34375
0,08252	0,23682	8,25195	2,36816
0,08325	0,23926	8,32520	2,39258
0,08496	0,23926	8,49609	2,39258
0,08716	0,24170	8,71582	2,41699
0,08765	0,24414	8,76465	2,44141
0,08838	0,24414	8,83789	2,44141
0,08838	0,24414	8,83789	2,44141
0,08911	0,24658	8,91113	2,46582
0,09082	0,24902	9,08203	2,49023
0,09131	0,24902	9,13086	2,49023
