-0.48389	-0.08301	-48.38867	-0.83008
-0.48047	-0.08301	-48.04688	-0.83008
-0.47852	-0.08301	-47.85156	-0.83008
-0.47461	-0.08301	-47.46094	-0.83008
-0.47144	-0.08301	-47.14355	-0.83008
-0.46802	-0.08301	-46.80176	-0.83008
-0.46582	-0.08301	-46.58203	-0.83008
-0.46191	-0.08301	-46.19141	-0.83008
-0.45825	-0.08301	-45.82520	-0.83008
-0.45581	-0.08301	-45.58105	-0.83008
-0.45190	-0.08301	-45.19043	-0.83008
-0.44946	-0.08301	-44.94629	-0.83008
-0.44580	-0.08301	-44.58008	-0.83008
-0.44214	-0.08301	-44.21387	-0.83008
-0.43921	-0.08301	-43.92090	-0.83008
-0.43604	-0.07813	-43.60352	-0.78125
-0.43262	-0.07813	-43.26172	-0.78125
-0.42969	-0.07813	-42.96875	-0.78125
-0.42578	-0.07813	-42.57813	-0.78125
-0.42261	-0.07813	-42.26074	-0.78125
-0.42017	-0.07813	-42.01660	-0.78125
-0.41724	-0.07813	-41.72363	-0.78125
-0.41382	-0.07813	-41.38184	-0.78125
-0.41040	-0.07813	-41.04004	-0.78125
-0.40698	-0.07813	-40.69824	-0.78125
-0.40356	-0.07813	-40.35645	-0.78125
-0.40186	-0.07813	-40.18555	-0.78125
-0.39819	-0.07813	-39.81934	-0.78125
-0.39404	-0.07813	-39.40430	-0.78125
-0.39038	-0.07324	-39.03809	-0.73242
-0.38818	-0.07324	-38.81836	-0.73242
-0.38525	-0.07324	-38.52539	-0.73242
-0.38184	-0.07324	-38.18359	-0.73242
-0.37915	-0.07324	-37.91504	-0.73242
-0.37451	-0.07324	-37.45117	-0.73242
-0.37231	-0.07324	-37.23145	-0.73242
-0.36816	-0.07324	-36.81641	-0.73242
-0.36548	-0.07324	-36.54785	-0.73242
-0.36182	-0.07324	-36.18164	-0.73242
-0.35962	-0.07324	-35.96191	-0.73242
-0.35522	-0.07324	-35.52246	-0.73242
-0.35254	-0.07324	-35.25391	-0.73242
-0.34888	-0.07324	-34.88770	-0.73242
-0.34521	-0.07324	-34.52148	-0.73242
-0.34253	-0.07324	-34.25293	-0.73242
-0.33813	-0.07324	-33.81348	-0.73242
-0.33691	-0.07324	-33.69141	-0.73242
-0.33252	-0.06836	-33.25195	-0.68359
-0.33032	-0.06836	-33.03223	-0.68359
-0.32690	-0.07324	-32.69043	-0.73242
-0.32373	-0.06836	-32.37305	-0.68359
-0.32007	-0.06836	-32.00684	-0.68359
-0.31738	-0.06836	-31.73828	-0.68359
-0.31421	-0.06836	-31.42090	-0.68359
-0.31104	-0.06836	-31.10352	-0.68359
-0.30737	-0.06836	-30.73730	-0.68359
-0.30420	-0.06836	-30.41992	-0.68359
-0.30151	-0.06836	-30.15137	-0.68359
-0.29810	-0.06348	-29.80957	-0.63477
-0.29419	-0.06836	-29.41895	-0.68359
-0.29150	-0.06836	-29.15039	-0.68359
-0.28857	-0.06348	-28.85742	-0.63477
-0.28467	-0.06348	-28.46680	-0.63477
-0.28101	-0.06348	-28.10059	-0.63477
-0.27783	-0.06348	-27.78320	-0.63477
-0.27637	-0.06348	-27.63672	-0.63477
-0.27173	-0.06348	-27.17285	-0.63477
-0.26978	-0.06348	-26.97754	-0.63477
-0.26660	-0.06348	-26.66016	-0.63477
-0.26318	-0.06348	-26.31836	-0.63477
-0.25952	-0.06348	-25.95215	-0.63477
-0.25586	-0.06348	-25.58594	-0.63477
-0.25342	-0.06348	-25.34180	-0.63477
-0.25024	-0.06348	-25.02441	-0.63477
-0.24707	-0.06348	-24.70703	-0.63477
-0.24390	-0.05859	-24.38965	-0.58594
-0.24048	-0.06348	-24.04785	-0.63477
-0.23779	-0.05859	-23.77930	-0.58594
-0.23389	-0.05859	-23.38867	-0.58594
-0.22974	-0.05859	-22.97363	-0.58594
-0.22803	-0.05859	-22.80273	-0.58594
-0.22388	-0.05859	-22.38770	-0.58594
-0.22070	-0.05859	-22.07031	-0.58594
-0.21777	-0.05859	-21.77734	-0.58594
-0.21509	-0.05859	-21.50879	-0.58594
-0.21143	-0.05371	-21.14258	-0.53711
-0.20801	-0.05859	-20.80078	-0.58594
-0.20459	-0.05371	-20.45898	-0.53711
-0.20190	-0.05371	-20.19043	-0.53711
-0.19775	-0.05371	-19.77539	-0.53711
-0.19604	-0.05371	-19.60449	-0.53711
-0.19189	-0.05371	-19.18945	-0.53711
-0.18872	-0.05371	-18.87207	-0.53711
-0.18530	-0.05371	-18.53027	-0.53711
-0.18188	-0.05371	-18.18848	-0.53711
-0.17944	-0.05371	-17.94434	-0.53711
-0.17603	-0.05371	-17.60254	-0.53711
-0.17334	-0.05371	-17.33398	-0.53711
-0.16895	-0.04883	-16.89453	-0.48828
-0.16650	-0.04883	-16.65039	-0.48828
-0.16309	-0.04883	-16.30859	-0.48828
-0.16138	-0.04883	-16.13770	-0.48828
-0.15649	-0.04883	-15.64941	-0.48828
-0.15332	-0.04883	-15.33203	-0.48828
-0.15063	-0.04883	-15.06348	-0.48828
-0.14746	-0.04883	-14.74609	-0.48828
-0.14331	-0.04883	-14.33105	-0.48828
-0.14038	-0.04883	-14.03809	-0.48828
-0.13696	-0.04395	-13.69629	-0.43945
-0.13452	-0.04395	-13.45215	-0.43945
-0.13086	-0.04395	-13.08594	-0.43945
-0.12744	-0.04395	-12.74414	-0.43945
-0.12476	-0.04395	-12.47559	-0.43945
-0.12085	-0.04395	-12.08496	-0.43945
-0.11816	-0.04395	-11.81641	-0.43945
-0.11523	-0.04395	-11.52344	-0.43945
-0.11108	-0.04395	-11.10840	-0.43945
-0.10913	-0.04395	-10.91309	-0.43945
-0.10498	-0.03906	-10.49805	-0.39063
-0.10229	-0.03906	-10.22949	-0.39063
-0.09888	-0.03906	-9.88770	-0.39063
-0.09595	-0.03906	-9.59473	-0.39063
-0.09302	-0.03906	-9.30176	-0.39063
-0.08911	-0.03418	-8.91113	-0.34180
-0.08545	-0.03418	-8.54492	-0.34180
-0.08325	-0.03418	-8.32520	-0.34180
-0.08032	-0.03418	-8.03223	-0.34180
-0.07642	-0.03418	-7.64160	-0.34180
-0.07324	-0.02930	-7.32422	-0.29297
-0.06982	-0.02930	-6.98242	-0.29297
-0.06665	-0.02930	-6.66504	-0.29297
-0.06323	-0.02441	-6.32324	-0.24414
-0.06030	-0.02441	-6.03027	-0.24414
-0.05835	-0.02441	-5.83496	-0.24414
-0.05444	-0.01953	-5.44434	-0.19531
-0.05103	-0.01953	-5.10254	-0.19531
-0.04785	-0.01953	-4.78516	-0.19531
-0.04443	-0.01465	-4.44336	-0.14648
-0.04004	-0.01465	-4.00391	-0.14648
-0.03857	-0.00977	-3.85742	-0.09766
-0.03442	-0.00977	-3.44238	-0.09766
-0.03149	-0.00488	-3.14941	-0.04883
-0.02954	-0.00488	-2.95410	-0.04883
-0.02515	0.00000	-2.51465	0.00000
-0.02075	0.00488	-2.07520	0.04883
-0.02002	0.01465	-2.00195	0.14648
-0.01611	0.01953	-1.61133	0.19531
-0.01294	0.03418	-1.29395	0.34180
-0.01074	0.04395	-1.07422	0.43945
-0.00513	0.05859	-0.51270	0.58594
-0.00342	0.08301	-0.34180	0.83008
-0.00122	0.11719	-0.12207	1.17188
0.00146	0.17090	0.14648	1.70898
0.00366	0.22461	0.36621	2.24609
0.00684	0.31250	0.68359	3.12500
0.00830	0.40039	0.83008	4.00391
0.01123	0.52734	1.12305	5.27344
0.01294	0.68359	1.29395	6.83594
0.01465	0.84473	1.46484	8.44727
0.01538	1.00586	1.53809	10.05859
0.01685	1.17676	1.68457	11.76758
0.02002	1.38184	2.00195	13.81836
0.01978	1.61621	1.97754	16.16211
0.02100	1.83594	2.09961	18.35938
0.02173	2.08008	2.17285	20.80078
0.02246	2.25098	2.24609	22.50977
0.02393	2.50488	2.39258	25.04883
0.02441	2.76367	2.44141	27.63672
0.02515	3.01270	2.51465	30.12695
0.02563	3.27148	2.56348	32.71484
0.02661	3.48633	2.66113	34.86328
0.02954	3.72070	2.95410	37.20703
0.02832	3.96484	2.83203	39.64844
0.02930	4.18457	2.92969	41.84570
0.03125	4.36035	3.12500	43.60352
0.03418	4.48242	3.41797	44.82422
0.03564	4.59961	3.56445	45.99609
0.03833	4.71191	3.83301	47.11914
0.04077	4.81934	4.07715	48.19336
0.04272	4.91211	4.27246	49.12109
0.04541	4.99023	4.54102	49.90234
0.04810	5.07813	4.80957	50.78125
0.05078	5.14648	5.07813	51.46484
0.05176	5.23438	5.17578	52.34375
0.05371	5.30762	5.37109	53.07617
0.05664	5.37598	5.66406	53.75977
0.05957	5.44434	5.95703	54.44336
0.06226	5.51758	6.22559	55.17578
0.06519	5.57617	6.51855	55.76172
0.06689	5.64453	6.68945	56.44531
0.07056	5.70313	7.05566	57.03125
0.07324	5.76660	7.32422	57.66602
0.07520	5.82520	7.51953	58.25195
0.07788	5.89355	7.78809	58.93555
0.07983	5.94238	7.98340	59.42383
0.08374	5.99609	8.37402	59.96094
0.08569	6.05469	8.56934	60.54688
0.08862	6.10840	8.86230	61.08398
0.09155	6.17188	9.15527	61.71875
0.09448	6.22559	9.44824	62.25586
0.09717	6.27441	9.71680	62.74414
0.09985	6.31836	9.98535	63.18359
0.10181	6.37695	10.18066	63.76953
0.10474	6.43555	10.47363	64.35547
0.10767	6.45508	10.76660	64.55078
0.11011	6.46484	11.01074	64.64844
0.11304	6.45508	11.30371	64.55078
0.11548	6.46484	11.54785	64.64844
0.11816	6.46973	11.81641	64.69727
0.12183	6.47461	12.18262	64.74609
0.12451	6.48438	12.45117	64.84375
0.12573	6.48926	12.57324	64.89258
0.12866	6.49902	12.86621	64.99023
0.13086	6.49414	13.08594	64.94141
0.13477	6.49414	13.47656	64.94141
0.13745	6.49414	13.74512	64.94141
0.14038	6.49902	14.03809	64.99023
0.14307	6.49902	14.30664	64.99023
0.14575	6.49902	14.57520	64.99023
0.14771	6.49414	14.77051	64.94141
0.15112	6.49902	15.11230	64.99023
0.15381	6.49414	15.38086	64.94141
0.15625	6.49414	15.62500	64.94141
0.16040	6.50391	16.04004	65.03906
0.16260	6.49414	16.25977	64.94141
0.16553	6.49902	16.55273	64.99023
0.16846	6.49902	16.84570	64.99023
0.17163	6.49902	17.16309	64.99023
0.17407	6.49414	17.40723	64.94141
0.17603	6.49902	17.60254	64.99023
0.17896	6.50391	17.89551	65.03906
0.18262	6.49902	18.26172	64.99023
0.18481	6.50391	18.48145	65.03906
0.18896	6.49902	18.89648	64.99023
0.18970	6.49902	18.96973	64.99023
0.19385	6.49902	19.38477	64.99023
0.19629	6.49902	19.62891	64.99023
0.19873	6.49414	19.87305	64.94141
0.20215	6.49902	20.21484	64.99023
0.20508	6.49902	20.50781	64.99023
0.20679	6.49902	20.67871	64.99023
0.21045	6.49414	21.04492	64.94141
0.21313	6.49414	21.31348	64.94141
0.21704	6.49902	21.70410	64.99023
0.21875	6.49414	21.87500	64.94141
0.22241	6.49414	22.24121	64.94141
0.22363	6.49902	22.36328	64.99023
0.22705	6.49902	22.70508	64.99023
0.23071	6.49902	23.07129	64.99023
0.23242	6.49902	23.24219	64.99023
0.23657	6.49902	23.65723	64.99023
0.23877	6.49414	23.87695	64.94141
0.24121	6.49414	24.12109	64.94141
0.24390	6.49902	24.38965	64.99023
0.24658	6.50391	24.65820	65.03906
0.25000	6.49414	25.00000	64.94141
0.25293	6.49414	25.29297	64.94141
0.25537	6.50391	25.53711	65.03906
0.25830	6.49902	25.83008	64.99023
0.26172	6.49414	26.17188	64.94141
0.26465	6.49902	26.46484	64.99023
0.26636	6.49902	26.63574	64.99023
0.27051	6.50391	27.05078	65.03906
0.27271	6.49414	27.27051	64.94141
0.27515	6.49414	27.51465	64.94141
0.27856	6.49902	27.85645	64.99023
0.28174	6.49414	28.17383	64.94141
0.28442	6.50391	28.44238	65.03906
0.28857	6.49414	28.85742	64.94141
0.29004	6.49414	29.00391	64.94141
0.29224	6.49902	29.22363	64.99023
0.29565	6.49902	29.56543	64.99023
0.29810	6.49414	29.80957	64.94141
0.30151	6.49414	30.15137	64.94141
0.30396	6.49902	30.39551	64.99023
0.30664	6.49414	30.66406	64.94141
0.31030	6.49902	31.03027	64.99023
0.31348	6.49902	31.34766	64.99023
0.31592	6.50391	31.59180	65.03906
0.31982	6.49902	31.98242	64.99023
0.32178	6.49414	32.17773	64.94141
0.32422	6.49414	32.42188	64.94141
0.32764	6.49902	32.76367	64.99023
0.33057	6.49414	33.05664	64.94141
0.33325	6.49414	33.32520	64.94141
0.33643	6.49414	33.64258	64.94141
0.33862	6.50391	33.86230	65.03906
0.34229	6.49902	34.22852	64.99023
0.34497	6.49414	34.49707	64.94141
0.34766	6.49414	34.76563	64.94141
0.35107	6.50391	35.10742	65.03906
0.35303	6.49414	35.30273	64.94141
0.35620	6.49414	35.62012	64.94141
0.35864	6.49902	35.86426	64.99023
0.36182	6.49902	36.18164	64.99023
0.36450	6.50391	36.45020	65.03906
0.36743	6.49902	36.74316	64.99023
0.37109	6.49414	37.10938	64.94141
0.37427	6.49902	37.42676	64.99023
0.37671	6.49414	37.67090	64.94141
0.37939	6.49414	37.93945	64.94141
