-0.38770	-0.01953	-38.76953	-0.19531
-0.38525	-0.01953	-38.52539	-0.19531
-0.38232	-0.02075	-38.23242	-0.20752
-0.38037	-0.01831	-38.03711	-0.18311
-0.37720	-0.01953	-37.71973	-0.19531
-0.37378	-0.01953	-37.37793	-0.19531
-0.37329	-0.01831	-37.32910	-0.18311
-0.36865	-0.01953	-36.86523	-0.19531
-0.36694	-0.01953	-36.69434	-0.19531
-0.36548	-0.01953	-36.54785	-0.19531
-0.36182	-0.01831	-36.18164	-0.18311
-0.35962	-0.01831	-35.96191	-0.18311
-0.35693	-0.01831	-35.69336	-0.18311
-0.35425	-0.01953	-35.42480	-0.19531
-0.35156	-0.01831	-35.15625	-0.18311
-0.34985	-0.01831	-34.98535	-0.18311
-0.34790	-0.01831	-34.79004	-0.18311
-0.34448	-0.01831	-34.44824	-0.18311
-0.34106	-0.01831	-34.10645	-0.18311
-0.33838	-0.01831	-33.83789	-0.18311
-0.33667	-0.01709	-33.66699	-0.17090
-0.33301	-0.01831	-33.30078	-0.18311
-0.33154	-0.01831	-33.15430	-0.18311
-0.32861	-0.01831	-32.86133	-0.18311
-0.32690	-0.01709	-32.69043	-0.17090
-0.32349	-0.01831	-32.34863	-0.18311
-0.32129	-0.01831	-32.12891	-0.18311
-0.31812	-0.01709	-31.81152	-0.17090
-0.31567	-0.01709	-31.56738	-0.17090
-0.31299	-0.01709	-31.29883	-0.17090
-0.31104	-0.01709	-31.10352	-0.17090
-0.30884	-0.01709	-30.88379	-0.17090
-0.30615	-0.01709	-30.61523	-0.17090
-0.30127	-0.01709	-30.12695	-0.17090
-0.30103	-0.01709	-30.10254	-0.17090
-0.29785	-0.01709	-29.78516	-0.17090
-0.29614	-0.01709	-29.61426	-0.17090
-0.29248	-0.01587	-29.24805	-0.15869
-0.29053	-0.01587	-29.05273	-0.15869
-0.28711	-0.01587	-28.71094	-0.15869
-0.28516	-0.01587	-28.51563	-0.15869
-0.28174	-0.01587	-28.17383	-0.15869
-0.28052	-0.01465	-28.05176	-0.14648
-0.27661	-0.01587	-27.66113	-0.15869
-0.27515	-0.01587	-27.51465	-0.15869
-0.27197	-0.01465	-27.19727	-0.14648
-0.26953	-0.01587	-26.95313	-0.15869
-0.26807	-0.01587	-26.80664	-0.15869
-0.26392	-0.01465	-26.39160	-0.14648
-0.26196	-0.01465	-26.19629	-0.14648
-0.25903	-0.01587	-25.90332	-0.15869
-0.25757	-0.01465	-25.75684	-0.14648
-0.25366	-0.01465	-25.36621	-0.14648
-0.25146	-0.01465	-25.14648	-0.14648
-0.24854	-0.01587	-24.85352	-0.15869
-0.24634	-0.01343	-24.63379	-0.13428
-0.24365	-0.01465	-24.36523	-0.14648
-0.24219	-0.01465	-24.21875	-0.14648
-0.23828	-0.01343	-23.82813	-0.13428
-0.23633	-0.01343	-23.63281	-0.13428
-0.23462	-0.01343	-23.46191	-0.13428
-0.23071	-0.01465	-23.07129	-0.14648
-0.22900	-0.01343	-22.90039	-0.13428
-0.22559	-0.01343	-22.55859	-0.13428
-0.22290	-0.01343	-22.29004	-0.13428
-0.22144	-0.01343	-22.14355	-0.13428
-0.21899	-0.01343	-21.89941	-0.13428
-0.21582	-0.01343	-21.58203	-0.13428
-0.21338	-0.01343	-21.33789	-0.13428
-0.20972	-0.01343	-20.97168	-0.13428
-0.20801	-0.01221	-20.80078	-0.12207
-0.20508	-0.01221	-20.50781	-0.12207
-0.20313	-0.01221	-20.31250	-0.12207
-0.19995	-0.01099	-19.99512	-0.10986
-0.19751	-0.01099	-19.75098	-0.10986
-0.19482	-0.01221	-19.48242	-0.12207
-0.19141	-0.01221	-19.14063	-0.12207
-0.18945	-0.01221	-18.94531	-0.12207
-0.18774	-0.01221	-18.77441	-0.12207
-0.18457	-0.01099	-18.45703	-0.10986
-0.18140	-0.01221	-18.13965	-0.12207
-0.17969	-0.01099	-17.96875	-0.10986
-0.17676	-0.01099	-17.67578	-0.10986
-0.17432	-0.01221	-17.43164	-0.12207
-0.17163	-0.00977	-17.16309	-0.09766
-0.16968	-0.01099	-16.96777	-0.10986
-0.16675	-0.01099	-16.67480	-0.10986
-0.16455	-0.01221	-16.45508	-0.12207
-0.16162	-0.00977	-16.16211	-0.09766
-0.15771	-0.01099	-15.77148	-0.10986
-0.15649	-0.01099	-15.64941	-0.10986
-0.15405	-0.01099	-15.40527	-0.10986
-0.15137	-0.00977	-15.13672	-0.09766
-0.14941	-0.00977	-14.94141	-0.09766
-0.14648	-0.00977	-14.64844	-0.09766
-0.14185	-0.00977	-14.18457	-0.09766
-0.14087	-0.00854	-14.08691	-0.08545
-0.13892	-0.00854	-13.89160	-0.08545
-0.13525	-0.00854	-13.52539	-0.08545
-0.13379	-0.00854	-13.37891	-0.08545
-0.13013	-0.00854	-13.01270	-0.08545
-0.12793	-0.00854	-12.79297	-0.08545
-0.12524	-0.00977	-12.52441	-0.09766
-0.12354	-0.00854	-12.35352	-0.08545
-0.12085	-0.00854	-12.08496	-0.08545
-0.11743	-0.00732	-11.74316	-0.07324
-0.11523	-0.00854	-11.52344	-0.08545
-0.11230	-0.00732	-11.23047	-0.07324
-0.11011	-0.00732	-11.01074	-0.07324
-0.10718	-0.00732	-10.71777	-0.07324
-0.10474	-0.00732	-10.47363	-0.07324
-0.10229	-0.00732	-10.22949	-0.07324
-0.09839	-0.00732	-9.83887	-0.07324
-0.09741	-0.00732	-9.74121	-0.07324
-0.09570	-0.00610	-9.57031	-0.06104
-0.09277	-0.00610	-9.27734	-0.06104
-0.08911	-0.00488	-8.91113	-0.04883
-0.08643	-0.00488	-8.64258	-0.04883
-0.08398	-0.00488	-8.39844	-0.04883
-0.08203	-0.00488	-8.20313	-0.04883
-0.07886	-0.00488	-7.88574	-0.04883
-0.07593	-0.00366	-7.59277	-0.03662
-0.07397	-0.00366	-7.39746	-0.03662
-0.07056	-0.00366	-7.05566	-0.03662
-0.06860	-0.00488	-6.86035	-0.04883
-0.06592	-0.00366	-6.59180	-0.03662
-0.06421	-0.00122	-6.42090	-0.01221
-0.06104	-0.00122	-6.10352	-0.01221
-0.05957	-0.00244	-5.95703	-0.02441
-0.05688	-0.00122	-5.68848	-0.01221
-0.05273	0.00000	-5.27344	0.00000
-0.05005	0.00000	-5.00488	0.00000
-0.04883	0.00122	-4.88281	0.01221
-0.04468	0.00244	-4.46777	0.02441
-0.04248	0.00244	-4.24805	0.02441
-0.04126	0.00244	-4.12598	0.02441
-0.03809	0.00366	-3.80859	0.03662
-0.03491	0.00488	-3.49121	0.04883
-0.03345	0.00610	-3.34473	0.06104
-0.03101	0.00610	-3.10059	0.06104
-0.02856	0.00732	-2.85645	0.07324
-0.02466	0.00977	-2.46582	0.09766
-0.02319	0.00977	-2.31934	0.09766
-0.02075	0.01099	-2.07520	0.10986
-0.01855	0.01465	-1.85547	0.14648
-0.01563	0.01587	-1.56250	0.15869
-0.01270	0.01831	-1.26953	0.18311
-0.01001	0.02197	-1.00098	0.21973
-0.00830	0.02319	-0.83008	0.23193
-0.00488	0.03052	-0.48828	0.30518
-0.00342	0.04028	-0.34180	0.40283
-0.00049	0.05493	-0.04883	0.54932
0.00293	0.08545	0.29297	0.85449
0.00391	0.11841	0.39063	1.18408
0.00708	0.15137	0.70801	1.51367
0.01001	0.16846	1.00098	1.68457
0.01172	0.18555	1.17188	1.85547
0.01465	0.19531	1.46484	1.95313
0.01709	0.20874	1.70898	2.08740
0.01904	0.21851	1.90430	2.18506
0.02222	0.22705	2.22168	2.27051
0.02441	0.23804	2.44141	2.38037
0.02612	0.24536	2.61230	2.45361
0.02930	0.25391	2.92969	2.53906
0.03125	0.26123	3.12500	2.61230
0.03320	0.26733	3.32031	2.67334
0.03540	0.27710	3.54004	2.77100
0.03833	0.28320	3.83301	2.83203
0.04150	0.28809	4.15039	2.88086
0.04346	0.29785	4.34570	2.97852
0.04590	0.30396	4.58984	3.03955
0.04932	0.31250	4.93164	3.12500
0.05176	0.31494	5.17578	3.14941
0.05493	0.32349	5.49316	3.23486
0.05688	0.32715	5.68848	3.27148
0.06006	0.33325	6.00586	3.33252
0.06104	0.34180	6.10352	3.41797
0.06372	0.34546	6.37207	3.45459
0.06616	0.35400	6.61621	3.54004
0.06934	0.36011	6.93359	3.60107
0.07104	0.36621	7.10449	3.66211
0.07446	0.36987	7.44629	3.69873
0.07642	0.37598	7.64160	3.75977
0.07837	0.38086	7.83691	3.80859
0.08203	0.38940	8.20313	3.89404
0.08447	0.39307	8.44727	3.93066
0.08618	0.39795	8.61816	3.97949
0.08911	0.40161	8.91113	4.01611
0.09180	0.40771	9.17969	4.07715
0.09424	0.41260	9.42383	4.12598
0.09717	0.41870	9.71680	4.18701
0.09961	0.42847	9.96094	4.28467
0.10156	0.43091	10.15625	4.30908
0.10449	0.43335	10.44922	4.33350
0.10669	0.44189	10.66895	4.41895
0.11011	0.44678	11.01074	4.46777
0.11182	0.44800	11.18164	4.47998
0.11377	0.45654	11.37695	4.56543
0.11646	0.46021	11.64551	4.60205
0.11914	0.46631	11.91406	4.66309
0.12207	0.46753	12.20703	4.67529
0.12451	0.47852	12.45117	4.78516
0.12695	0.47852	12.69531	4.78516
0.12988	0.48218	12.98828	4.82178
0.13281	0.49194	13.28125	4.91943
0.13501	0.49561	13.50098	4.95605
0.13818	0.50049	13.81836	5.00488
0.14063	0.50415	14.06250	5.04150
0.14160	0.50659	14.16016	5.06592
0.14404	0.51514	14.40430	5.15137
0.14795	0.52246	14.79492	5.22461
0.14990	0.52368	14.99023	5.23682
0.15259	0.53223	15.25879	5.32227
0.15430	0.53101	15.42969	5.31006
0.15820	0.53467	15.82031	5.34668
0.15991	0.54443	15.99121	5.44434
0.16309	0.54688	16.30859	5.46875
0.16479	0.54932	16.47949	5.49316
0.16699	0.55298	16.69922	5.52979
0.17114	0.55664	17.11426	5.56641
0.17310	0.56519	17.30957	5.65186
0.17578	0.56641	17.57813	5.66406
0.17798	0.57007	17.79785	5.70068
0.17969	0.57617	17.96875	5.76172
0.18286	0.58472	18.28613	5.84717
0.18652	0.58472	18.65234	5.84717
0.18726	0.58594	18.72559	5.85938
0.19043	0.59204	19.04297	5.92041
0.19336	0.59937	19.33594	5.99365
0.19556	0.60059	19.55566	6.00586
0.19775	0.60669	19.77539	6.06689
0.20068	0.61401	20.06836	6.14014
0.20435	0.61157	20.43457	6.11572
0.20557	0.62378	20.55664	6.23779
0.20825	0.62378	20.82520	6.23779
0.21045	0.63110	21.04492	6.31104
0.21265	0.63721	21.26465	6.37207
0.21582	0.63843	21.58203	6.38428
0.21777	0.64087	21.77734	6.40869
0.21997	0.64331	21.99707	6.43311
0.22290	0.64697	22.29004	6.46973
0.22656	0.65796	22.65625	6.57959
0.22900	0.65430	22.90039	6.54297
0.23120	0.66284	23.12012	6.62842
0.23340	0.66772	23.33984	6.67725
0.23560	0.66528	23.55957	6.65283
0.23877	0.67505	23.87695	6.75049
0.24194	0.68359	24.19434	6.83594
0.24292	0.68237	24.29199	6.82373
0.24780	0.68604	24.78027	6.86035
0.24854	0.69458	24.85352	6.94580
0.25171	0.68848	25.17090	6.88477
0.25439	0.69702	25.43945	6.97021
0.25684	0.70190	25.68359	7.01904
0.25854	0.70679	25.85449	7.06787
0.26147	0.71655	26.14746	7.16553
0.26440	0.71777	26.44043	7.17773
0.26563	0.71533	26.56250	7.15332
0.26855	0.72754	26.85547	7.27539
0.27173	0.72876	27.17285	7.28760
0.27417	0.73242	27.41699	7.32422
0.27637	0.73975	27.63672	7.39746
0.27881	0.74097	27.88086	7.40967
0.28198	0.74219	28.19824	7.42188
0.28418	0.74829	28.41797	7.48291
0.28613	0.75562	28.61328	7.55615
0.28906	0.75562	28.90625	7.55615
0.29199	0.75562	29.19922	7.55615
0.29370	0.76294	29.37012	7.62939
0.29639	0.76416	29.63867	7.64160
0.29932	0.77393	29.93164	7.73926
0.30249	0.78003	30.24902	7.80029
0.30566	0.78247	30.56641	7.82471
0.30664	0.78613	30.66406	7.86133
0.30981	0.77881	30.98145	7.78809
0.31250	0.79834	31.25000	7.98340
0.31421	0.79956	31.42090	7.99561
0.31763	0.80200	31.76270	8.02002
0.32007	0.80688	32.00684	8.06885
0.32178	0.80933	32.17773	8.09326
0.32471	0.81055	32.47070	8.10547
0.32739	0.82153	32.73926	8.21533
0.32983	0.82520	32.98340	8.25195
0.33252	0.82031	33.25195	8.20313
0.33545	0.82520	33.54492	8.25195
0.33691	0.83496	33.69141	8.34961
0.33984	0.84351	33.98438	8.43506
0.34277	0.83862	34.27734	8.38623
0.34595	0.84839	34.59473	8.48389
0.34717	0.85083	34.71680	8.50830
0.35010	0.84595	35.00977	8.45947
0.35254	0.85815	35.25391	8.58154
0.35620	0.86182	35.62012	8.61816
0.35815	0.86792	35.81543	8.67920
0.36011	0.86548	36.01074	8.65479
0.36230	0.87280	36.23047	8.72803
0.36572	0.87769	36.57227	8.77686
0.36768	0.88135	36.76758	8.81348
0.36963	0.88623	36.96289	8.86230
0.37329	0.89478	37.32910	8.94775
0.37598	0.88867	37.59766	8.88672
