-0.38916	-0.02002	-38.91602	-0.20020
-0.38501	-0.01953	-38.50098	-0.19531
-0.38306	-0.01904	-38.30566	-0.19043
-0.38086	-0.02051	-38.08594	-0.20508
-0.37769	-0.01904	-37.76855	-0.19043
-0.37427	-0.02002	-37.42676	-0.20020
-0.37305	-0.01953	-37.30469	-0.19531
-0.37012	-0.01855	-37.01172	-0.18555
-0.36768	-0.01855	-36.76758	-0.18555
-0.36597	-0.01904	-36.59668	-0.19043
-0.36328	-0.01904	-36.32813	-0.19043
-0.35938	-0.01904	-35.93750	-0.19043
-0.35669	-0.01807	-35.66895	-0.18066
-0.35474	-0.01855	-35.47363	-0.18555
-0.35229	-0.01807	-35.22949	-0.18066
-0.35010	-0.01855	-35.00977	-0.18555
-0.34741	-0.01807	-34.74121	-0.18066
-0.34448	-0.01807	-34.44824	-0.18066
-0.34302	-0.01758	-34.30176	-0.17578
-0.33960	-0.01758	-33.95996	-0.17578
-0.33691	-0.01758	-33.69141	-0.17578
-0.33374	-0.01807	-33.37402	-0.18066
-0.33276	-0.01709	-33.27637	-0.17090
-0.33008	-0.01758	-33.00781	-0.17578
-0.32642	-0.01709	-32.64160	-0.17090
-0.32471	-0.01660	-32.47070	-0.16602
-0.32104	-0.01709	-32.10449	-0.17090
-0.32007	-0.01660	-32.00684	-0.16602
-0.31689	-0.01611	-31.68945	-0.16113
-0.31323	-0.01709	-31.32324	-0.17090
-0.31177	-0.01611	-31.17676	-0.16113
-0.30835	-0.01611	-30.83496	-0.16113
-0.30615	-0.01611	-30.61523	-0.16113
-0.30371	-0.01611	-30.37109	-0.16113
-0.30127	-0.01660	-30.12695	-0.16602
-0.29785	-0.01660	-29.78516	-0.16602
-0.29614	-0.01611	-29.61426	-0.16113
-0.29346	-0.01660	-29.34570	-0.16602
-0.29053	-0.01563	-29.05273	-0.15625
-0.28857	-0.01563	-28.85742	-0.15625
-0.28564	-0.01563	-28.56445	-0.15625
-0.28223	-0.01514	-28.22266	-0.15137
-0.28101	-0.01563	-28.10059	-0.15625
-0.27710	-0.01563	-27.70996	-0.15625
-0.27490	-0.01514	-27.49023	-0.15137
-0.27246	-0.01465	-27.24609	-0.14648
-0.27051	-0.01465	-27.05078	-0.14648
-0.26807	-0.01514	-26.80664	-0.15137
-0.26587	-0.01465	-26.58691	-0.14648
-0.26294	-0.01416	-26.29395	-0.14160
-0.26050	-0.01367	-26.04980	-0.13672
-0.25781	-0.01416	-25.78125	-0.14160
-0.25464	-0.01367	-25.46387	-0.13672
-0.25195	-0.01367	-25.19531	-0.13672
-0.25049	-0.01416	-25.04883	-0.14160
-0.24707	-0.01465	-24.70703	-0.14648
-0.24390	-0.01367	-24.38965	-0.13672
-0.24219	-0.01318	-24.21875	-0.13184
-0.23901	-0.01416	-23.90137	-0.14160
-0.23608	-0.01465	-23.60840	-0.14648
-0.23389	-0.01416	-23.38867	-0.14160
-0.23047	-0.01270	-23.04688	-0.12695
-0.22998	-0.01270	-22.99805	-0.12695
-0.22705	-0.01318	-22.70508	-0.13184
-0.22412	-0.01221	-22.41211	-0.12207
-0.22095	-0.01221	-22.09473	-0.12207
-0.21704	-0.01221	-21.70410	-0.12207
-0.21704	-0.01270	-21.70410	-0.12695
-0.21289	-0.01270	-21.28906	-0.12695
-0.21191	-0.01221	-21.19141	-0.12207
-0.20874	-0.01172	-20.87402	-0.11719
-0.20557	-0.01172	-20.55664	-0.11719
-0.20337	-0.01123	-20.33691	-0.11230
-0.20020	-0.01172	-20.01953	-0.11719
-0.19775	-0.01123	-19.77539	-0.11230
-0.19604	-0.01221	-19.60449	-0.12207
-0.19312	-0.01123	-19.31152	-0.11230
-0.19043	-0.01123	-19.04297	-0.11230
-0.18774	-0.01221	-18.77441	-0.12207
-0.18530	-0.01221	-18.53027	-0.12207
-0.18286	-0.01074	-18.28613	-0.10742
-0.17993	-0.01123	-17.99316	-0.11230
-0.17749	-0.01025	-17.74902	-0.10254
-0.17554	-0.01074	-17.55371	-0.10742
-0.17163	-0.01172	-17.16309	-0.11719
-0.16895	-0.01074	-16.89453	-0.10742
-0.16675	-0.00977	-16.67480	-0.09766
-0.16553	-0.00977	-16.55273	-0.09766
-0.16260	-0.01025	-16.25977	-0.10254
-0.16016	-0.00928	-16.01563	-0.09277
-0.15674	-0.01025	-15.67383	-0.10254
-0.15430	-0.00928	-15.42969	-0.09277
-0.15186	-0.00977	-15.18555	-0.09766
-0.14844	-0.00977	-14.84375	-0.09766
-0.14551	-0.00977	-14.55078	-0.09766
-0.14429	-0.00928	-14.42871	-0.09277
-0.14063	-0.00977	-14.06250	-0.09766
-0.13940	-0.00977	-13.94043	-0.09766
-0.13550	-0.00879	-13.54980	-0.08789
-0.13428	-0.00928	-13.42773	-0.09277
-0.13086	-0.00879	-13.08594	-0.08789
-0.12891	-0.00928	-12.89063	-0.09277
-0.12671	-0.00830	-12.67090	-0.08301
-0.12305	-0.00879	-12.30469	-0.08789
-0.12036	-0.00830	-12.03613	-0.08301
-0.11865	-0.00879	-11.86523	-0.08789
-0.11572	-0.00879	-11.57227	-0.08789
-0.11328	-0.00732	-11.32813	-0.07324
-0.11011	-0.00781	-11.01074	-0.07813
-0.10767	-0.00635	-10.76660	-0.06348
-0.10474	-0.00781	-10.47363	-0.07813
-0.10327	-0.00732	-10.32715	-0.07324
-0.10059	-0.00684	-10.05859	-0.06836
-0.09717	-0.00684	-9.71680	-0.06836
-0.09521	-0.00635	-9.52148	-0.06348
-0.09229	-0.00732	-9.22852	-0.07324
-0.08960	-0.00684	-8.95996	-0.06836
-0.08789	-0.00635	-8.78906	-0.06348
-0.08374	-0.00537	-8.37402	-0.05371
-0.08154	-0.00537	-8.15430	-0.05371
-0.07935	-0.00586	-7.93457	-0.05859
-0.07739	-0.00586	-7.73926	-0.05859
-0.07520	-0.00488	-7.51953	-0.04883
-0.07202	-0.00488	-7.20215	-0.04883
-0.06836	-0.00488	-6.83594	-0.04883
-0.06738	-0.00439	-6.73828	-0.04395
-0.06445	-0.00293	-6.44531	-0.02930
-0.06177	-0.00391	-6.17676	-0.03906
-0.05908	-0.00342	-5.90820	-0.03418
-0.05615	-0.00342	-5.61523	-0.03418
-0.05444	-0.00244	-5.44434	-0.02441
-0.05151	-0.00342	-5.15137	-0.03418
-0.04858	-0.00195	-4.85840	-0.01953
-0.04663	-0.00244	-4.66309	-0.02441
-0.04370	-0.00098	-4.37012	-0.00977
-0.04077	-0.00098	-4.07715	-0.00977
-0.03809	-0.00098	-3.80859	-0.00977
-0.03613	0.00098	-3.61328	0.00977
-0.03345	0.00098	-3.34473	0.00977
-0.03076	0.00293	-3.07617	0.02930
-0.02954	0.00293	-2.95410	0.02930
-0.02637	0.00342	-2.63672	0.03418
-0.02271	0.00293	-2.27051	0.02930
-0.01953	0.00488	-1.95313	0.04883
-0.01831	0.00537	-1.83105	0.05371
-0.01587	0.00684	-1.58691	0.06836
-0.01294	0.00635	-1.29395	0.06348
-0.01025	0.00879	-1.02539	0.08789
-0.00781	0.01221	-0.78125	0.12207
-0.00464	0.02051	-0.46387	0.20508
-0.00269	0.03564	-0.26855	0.35645
-0.00098	0.06152	-0.09766	0.61523
0.00220	0.08887	0.21973	0.88867
0.00342	0.10596	0.34180	1.05957
0.00757	0.12402	0.75684	1.24023
0.00928	0.13428	0.92773	1.34277
0.01099	0.14746	1.09863	1.47461
0.01318	0.15625	1.31836	1.56250
0.01685	0.16602	1.68457	1.66016
0.01855	0.17480	1.85547	1.74805
0.02124	0.18164	2.12402	1.81641
0.02393	0.18896	2.39258	1.88965
0.02661	0.19629	2.66113	1.96289
0.02930	0.20215	2.92969	2.02148
0.03125	0.20752	3.12500	2.07520
0.03467	0.21436	3.46680	2.14355
0.03564	0.21973	3.56445	2.19727
0.03979	0.22607	3.97949	2.26074
0.04150	0.23193	4.15039	2.31934
0.04346	0.23584	4.34570	2.35840
0.04639	0.24170	4.63867	2.41699
0.04907	0.24658	4.90723	2.46582
0.05103	0.25195	5.10254	2.51953
0.05493	0.25684	5.49316	2.56836
0.05640	0.26074	5.63965	2.60742
0.06006	0.26709	6.00586	2.67090
0.06177	0.27051	6.17676	2.70508
0.06396	0.27588	6.39648	2.75879
0.06665	0.28076	6.66504	2.80762
0.06836	0.28467	6.83594	2.84668
0.07202	0.29053	7.20215	2.90527
0.07422	0.29492	7.42188	2.94922
0.07813	0.29980	7.81250	2.99805
0.07886	0.30371	7.88574	3.03711
0.08154	0.30811	8.15430	3.08105
0.08447	0.31348	8.44727	3.13477
0.08765	0.31689	8.76465	3.16895
0.09058	0.32129	9.05762	3.21289
0.09277	0.32666	9.27734	3.26660
0.09473	0.33008	9.47266	3.30078
0.09717	0.33350	9.71680	3.33496
0.09961	0.33887	9.96094	3.38867
0.10327	0.34277	10.32715	3.42773
0.10596	0.34717	10.59570	3.47168
0.10718	0.35059	10.71777	3.50586
0.10938	0.35400	10.93750	3.54004
0.11206	0.35840	11.20605	3.58398
0.11572	0.36279	11.57227	3.62793
0.11743	0.36572	11.74316	3.65723
0.12061	0.37012	12.06055	3.70117
0.12354	0.37451	12.35352	3.74512
0.12524	0.37793	12.52441	3.77930
0.12842	0.38184	12.84180	3.81836
0.13062	0.38525	13.06152	3.85254
0.13354	0.38867	13.35449	3.88672
0.13574	0.39258	13.57422	3.92578
0.13843	0.39600	13.84277	3.95996
0.14136	0.40039	14.13574	4.00391
0.14307	0.40430	14.30664	4.04297
0.14526	0.40771	14.52637	4.07715
0.14917	0.41162	14.91699	4.11621
0.15088	0.41406	15.08789	4.14063
0.15356	0.41895	15.35645	4.18945
0.15625	0.42188	15.62500	4.21875
0.15771	0.42578	15.77148	4.25781
0.16040	0.42920	16.04004	4.29199
0.16284	0.43311	16.28418	4.33105
0.16577	0.43750	16.57715	4.37500
0.16797	0.44043	16.79688	4.40430
0.17163	0.44482	17.16309	4.44824
0.17310	0.44727	17.30957	4.47266
0.17627	0.45215	17.62695	4.52148
0.17920	0.45605	17.91992	4.56055
0.18140	0.45996	18.13965	4.59961
0.18408	0.46240	18.40820	4.62402
0.18555	0.46729	18.55469	4.67285
0.18872	0.47070	18.87207	4.70703
0.19189	0.47559	19.18945	4.75586
0.19360	0.47705	19.36035	4.77051
0.19629	0.48047	19.62891	4.80469
0.19897	0.48438	19.89746	4.84375
0.20190	0.48779	20.19043	4.87793
0.20459	0.49268	20.45898	4.92676
0.20557	0.49512	20.55664	4.95117
0.20923	0.49854	20.92285	4.98535
0.21167	0.50195	21.16699	5.01953
0.21411	0.50537	21.41113	5.05371
0.21680	0.50977	21.67969	5.09766
0.21826	0.51221	21.82617	5.12207
0.22119	0.51514	22.11914	5.15137
0.22461	0.51953	22.46094	5.19531
0.22656	0.52295	22.65625	5.22949
0.22925	0.52734	22.92480	5.27344
0.23145	0.52979	23.14453	5.29785
0.23413	0.53125	23.41309	5.31250
0.23706	0.53662	23.70605	5.36621
0.23975	0.53906	23.97461	5.39063
0.24292	0.54248	24.29199	5.42480
0.24487	0.54443	24.48730	5.44434
0.24780	0.54883	24.78027	5.48828
0.24951	0.55078	24.95117	5.50781
0.25171	0.55664	25.17090	5.56641
0.25439	0.55908	25.43945	5.59082
0.25757	0.56104	25.75684	5.61035
0.25977	0.56445	25.97656	5.64453
0.26147	0.56689	26.14746	5.66895
0.26538	0.57178	26.53809	5.71777
0.26782	0.57520	26.78223	5.75195
0.27051	0.57666	27.05078	5.76660
0.27271	0.57959	27.27051	5.79590
0.27490	0.58301	27.49023	5.83008
0.27808	0.58740	27.80762	5.87402
0.28076	0.58984	28.07617	5.89844
0.28320	0.59229	28.32031	5.92285
0.28589	0.59570	28.58887	5.95703
0.28809	0.59766	28.80859	5.97656
0.29150	0.60205	29.15039	6.02051
0.29370	0.60596	29.37012	6.05957
0.29492	0.60742	29.49219	6.07422
0.29785	0.61084	29.78516	6.10840
0.30103	0.61426	30.10254	6.14258
0.30396	0.61768	30.39551	6.17676
0.30615	0.61963	30.61523	6.19629
0.30786	0.62305	30.78613	6.23047
0.31104	0.62549	31.10352	6.25488
0.31396	0.62842	31.39648	6.28418
0.31567	0.63281	31.56738	6.32813
0.31860	0.63623	31.86035	6.36230
0.32056	0.63867	32.05566	6.38672
0.32300	0.64160	32.29980	6.41602
0.32617	0.64404	32.61719	6.44043
0.32837	0.64697	32.83691	6.46973
0.33130	0.65186	33.12988	6.51855
0.33398	0.65332	33.39844	6.53320
0.33569	0.65869	33.56934	6.58691
0.33813	0.65967	33.81348	6.59668
0.34106	0.66504	34.10645	6.65039
0.34302	0.66797	34.30176	6.67969
0.34717	0.66992	34.71680	6.69922
0.34888	0.67432	34.88770	6.74316
0.35181	0.67725	35.18066	6.77246
0.35400	0.68066	35.40039	6.80664
0.35669	0.68311	35.66895	6.83105
0.35913	0.68506	35.91309	6.85059
0.36206	0.68994	36.20605	6.89941
0.36499	0.69189	36.49902	6.91895
0.36646	0.69678	36.64551	6.96777
0.36987	0.69824	36.98730	6.98242
0.37109	0.70117	37.10938	7.01172
0.37451	0.70557	37.45117	7.05566
0.37744	0.70703	37.74414	7.07031
