-0.38818	-0.03174	-38.81836	-0.31738
-0.38672	-0.03418	-38.67188	-0.34180
-0.38354	-0.03418	-38.35449	-0.34180
-0.38110	-0.03418	-38.11035	-0.34180
-0.37769	-0.03418	-37.76855	-0.34180
-0.37598	-0.03418	-37.59766	-0.34180
-0.37207	-0.03174	-37.20703	-0.31738
-0.37036	-0.03174	-37.03613	-0.31738
-0.36865	-0.03174	-36.86523	-0.31738
-0.36597	-0.03174	-36.59668	-0.31738
-0.36279	-0.03174	-36.27930	-0.31738
-0.35840	-0.03174	-35.83984	-0.31738
-0.35791	-0.03174	-35.79102	-0.31738
-0.35474	-0.03174	-35.47363	-0.31738
-0.35254	-0.03174	-35.25391	-0.31738
-0.34912	-0.03174	-34.91211	-0.31738
-0.34644	-0.03174	-34.64355	-0.31738
-0.34521	-0.03174	-34.52148	-0.31738
-0.34180	-0.03174	-34.17969	-0.31738
-0.33862	-0.03174	-33.86230	-0.31738
-0.33594	-0.03174	-33.59375	-0.31738
-0.33398	-0.03174	-33.39844	-0.31738
-0.33154	-0.02930	-33.15430	-0.29297
-0.32935	-0.02930	-32.93457	-0.29297
-0.32666	-0.02930	-32.66602	-0.29297
-0.32422	-0.02930	-32.42188	-0.29297
-0.32056	-0.02930	-32.05566	-0.29297
-0.31909	-0.02930	-31.90918	-0.29297
-0.31567	-0.02930	-31.56738	-0.29297
-0.31396	-0.02930	-31.39648	-0.29297
-0.31030	-0.02930	-31.03027	-0.29297
-0.30835	-0.02930	-30.83496	-0.29297
-0.30664	-0.02930	-30.66406	-0.29297
-0.30249	-0.02930	-30.24902	-0.29297
-0.30005	-0.02930	-30.00488	-0.29297
-0.29761	-0.02930	-29.76074	-0.29297
-0.29541	-0.02930	-29.54102	-0.29297
-0.29321	-0.02930	-29.32129	-0.29297
-0.29077	-0.02930	-29.07715	-0.29297
-0.28760	-0.02686	-28.75977	-0.26855
-0.28540	-0.02686	-28.54004	-0.26855
-0.28345	-0.02686	-28.34473	-0.26855
-0.28125	-0.02686	-28.12500	-0.26855
-0.27686	-0.02686	-27.68555	-0.26855
-0.27490	-0.02686	-27.49023	-0.26855
-0.27173	-0.02686	-27.17285	-0.26855
-0.27075	-0.02686	-27.07520	-0.26855
-0.26587	-0.02686	-26.58691	-0.26855
-0.26440	-0.02686	-26.44043	-0.26855
-0.26025	-0.02686	-26.02539	-0.26855
-0.25903	-0.02686	-25.90332	-0.26855
-0.25781	-0.02686	-25.78125	-0.26855
-0.25439	-0.02686	-25.43945	-0.26855
-0.25293	-0.02441	-25.29297	-0.24414
-0.24927	-0.02441	-24.92676	-0.24414
-0.24658	-0.02441	-24.65820	-0.24414
-0.24438	-0.02441	-24.43848	-0.24414
-0.24194	-0.02441	-24.19434	-0.24414
-0.23877	-0.02441	-23.87695	-0.24414
-0.23608	-0.02441	-23.60840	-0.24414
-0.23462	-0.02441	-23.46191	-0.24414
-0.23145	-0.02441	-23.14453	-0.24414
-0.22827	-0.02441	-22.82715	-0.24414
-0.22632	-0.02441	-22.63184	-0.24414
-0.22437	-0.02197	-22.43652	-0.21973
-0.22070	-0.02441	-22.07031	-0.24414
-0.21924	-0.02197	-21.92383	-0.21973
-0.21655	-0.02197	-21.65527	-0.21973
-0.21313	-0.02197	-21.31348	-0.21973
-0.21094	-0.02441	-21.09375	-0.24414
-0.20703	-0.02197	-20.70313	-0.21973
-0.20459	-0.02197	-20.45898	-0.21973
-0.20264	-0.02197	-20.26367	-0.21973
-0.20068	-0.02197	-20.06836	-0.21973
-0.19702	-0.02197	-19.70215	-0.21973
-0.19434	-0.02197	-19.43359	-0.21973
-0.19336	-0.02197	-19.33594	-0.21973
-0.18970	-0.02197	-18.96973	-0.21973
-0.18799	-0.02197	-18.79883	-0.21973
-0.18457	-0.02197	-18.45703	-0.21973
-0.18213	-0.01953	-18.21289	-0.19531
-0.18066	-0.02197	-18.06641	-0.21973
-0.17676	-0.01953	-17.67578	-0.19531
-0.17456	-0.01953	-17.45605	-0.19531
-0.17139	-0.01953	-17.13867	-0.19531
-0.16992	-0.01953	-16.99219	-0.19531
-0.16748	-0.01953	-16.74805	-0.19531
-0.16406	-0.01953	-16.40625	-0.19531
-0.16284	-0.01953	-16.28418	-0.19531
-0.15894	-0.01953	-15.89355	-0.19531
-0.15698	-0.01953	-15.69824	-0.19531
-0.15332	-0.01709	-15.33203	-0.17090
-0.15137	-0.01709	-15.13672	-0.17090
-0.14966	-0.01709	-14.96582	-0.17090
-0.14673	-0.01709	-14.67285	-0.17090
-0.14307	-0.01709	-14.30664	-0.17090
-0.14160	-0.01709	-14.16016	-0.17090
-0.13867	-0.01709	-13.86719	-0.17090
-0.13574	-0.01709	-13.57422	-0.17090
-0.13330	-0.01709	-13.33008	-0.17090
-0.13062	-0.01465	-13.06152	-0.14648
-0.12866	-0.01709	-12.86621	-0.17090
-0.12451	-0.01465	-12.45117	-0.14648
-0.12402	-0.01465	-12.40234	-0.14648
-0.12109	-0.01465	-12.10938	-0.14648
-0.11841	-0.01465	-11.84082	-0.14648
-0.11597	-0.01465	-11.59668	-0.14648
-0.11353	-0.01465	-11.35254	-0.14648
-0.11035	-0.01221	-11.03516	-0.12207
-0.10767	-0.01221	-10.76660	-0.12207
-0.10474	-0.01221	-10.47363	-0.12207
-0.10327	-0.01221	-10.32715	-0.12207
-0.10010	-0.01221	-10.00977	-0.12207
-0.09790	-0.01221	-9.79004	-0.12207
-0.09497	-0.01221	-9.49707	-0.12207
-0.09180	-0.00977	-9.17969	-0.09766
-0.09033	-0.00977	-9.03320	-0.09766
-0.08740	-0.00977	-8.74023	-0.09766
-0.08472	-0.00977	-8.47168	-0.09766
-0.08228	-0.00732	-8.22754	-0.07324
-0.07959	-0.00732	-7.95898	-0.07324
-0.07764	-0.00732	-7.76367	-0.07324
-0.07446	-0.00488	-7.44629	-0.04883
-0.07275	-0.00488	-7.27539	-0.04883
-0.06885	-0.00488	-6.88477	-0.04883
-0.06641	-0.00488	-6.64063	-0.04883
-0.06445	-0.00244	-6.44531	-0.02441
-0.06152	-0.00244	-6.15234	-0.02441
-0.05786	0.00000	-5.78613	0.00000
-0.05713	0.00000	-5.71289	0.00000
-0.05371	0.00244	-5.37109	0.02441
-0.05103	0.00244	-5.10254	0.02441
-0.04883	0.00488	-4.88281	0.04883
-0.04712	0.00488	-4.71191	0.04883
-0.04297	0.00732	-4.29688	0.07324
-0.04126	0.00732	-4.12598	0.07324
-0.03882	0.01221	-3.88184	0.12207
-0.03442	0.01221	-3.44238	0.12207
-0.03345	0.01465	-3.34473	0.14648
-0.03101	0.01709	-3.10059	0.17090
-0.02930	0.01953	-2.92969	0.19531
-0.02637	0.01953	-2.63672	0.19531
-0.02393	0.02441	-2.39258	0.24414
-0.01978	0.02930	-1.97754	0.29297
-0.01855	0.03174	-1.85547	0.31738
-0.01587	0.03662	-1.58691	0.36621
-0.01343	0.04150	-1.34277	0.41504
-0.01123	0.04883	-1.12305	0.48828
-0.00854	0.06104	-0.85449	0.61035
-0.00562	0.07813	-0.56152	0.78125
-0.00269	0.09766	-0.26855	0.97656
-0.00098	0.12695	-0.09766	1.26953
0.00122	0.17578	0.12207	1.75781
0.00342	0.24414	0.34180	2.44141
0.00488	0.33447	0.48828	3.34473
0.00635	0.41992	0.63477	4.19922
0.00732	0.54199	0.73242	5.41992
0.00928	0.64697	0.92773	6.46973
0.01050	0.78613	1.04980	7.86133
0.01245	0.84229	1.24512	8.42285
0.01416	0.90088	1.41602	9.00879
0.01611	0.93506	1.61133	9.35059
0.01807	0.97900	1.80664	9.79004
0.02100	1.01563	2.09961	10.15625
0.02295	1.04248	2.29492	10.42480
0.02539	1.07666	2.53906	10.76660
0.02783	1.09863	2.78320	10.98633
0.02930	1.12793	2.92969	11.27930
0.03247	1.15479	3.24707	11.54785
0.03589	1.17920	3.58887	11.79199
0.03711	1.20361	3.71094	12.03613
0.03955	1.22314	3.95508	12.23145
0.04175	1.24512	4.17480	12.45117
0.04419	1.26709	4.41895	12.67090
0.04736	1.28418	4.73633	12.84180
0.04980	1.30859	4.98047	13.08594
0.05151	1.32324	5.15137	13.23242
0.05347	1.34277	5.34668	13.42773
0.05688	1.36475	5.68848	13.64746
0.05908	1.37695	5.90820	13.76953
0.06177	1.40137	6.17676	14.01367
0.06348	1.41357	6.34766	14.13574
0.06689	1.43799	6.68945	14.37988
0.06909	1.45508	6.90918	14.55078
0.07104	1.47217	7.10449	14.72168
0.07300	1.48682	7.29980	14.86816
0.07568	1.50879	7.56836	15.08789
0.07739	1.52344	7.73926	15.23438
0.08081	1.54053	8.08105	15.40527
0.08301	1.55762	8.30078	15.57617
0.08447	1.57227	8.44727	15.72266
0.08789	1.59180	8.78906	15.91797
0.09033	1.60645	9.03320	16.06445
0.09204	1.62598	9.20410	16.25977
0.09448	1.63818	9.44824	16.38184
0.09814	1.65771	9.81445	16.57715
0.09912	1.66992	9.91211	16.69922
0.10352	1.68945	10.35156	16.89453
0.10352	1.70410	10.35156	17.04102
0.10645	1.72119	10.64453	17.21191
0.10962	1.73584	10.96191	17.35840
0.11230	1.75293	11.23047	17.52930
0.11401	1.76514	11.40137	17.65137
0.11694	1.77979	11.69434	17.79785
0.11938	1.79932	11.93848	17.99316
0.12158	1.81152	12.15820	18.11523
0.12402	1.82617	12.40234	18.26172
0.12573	1.84082	12.57324	18.40820
0.12891	1.85547	12.89063	18.55469
0.13086	1.87012	13.08594	18.70117
0.13428	1.88232	13.42773	18.82324
0.13672	1.89697	13.67188	18.96973
0.13892	1.91162	13.89160	19.11621
0.14087	1.92383	14.08691	19.23828
0.14380	1.94336	14.37988	19.43359
0.14624	1.95068	14.62402	19.50684
0.14917	1.96533	14.91699	19.65332
0.15137	1.97998	15.13672	19.79980
0.15381	1.98975	15.38086	19.89746
0.15576	2.00684	15.57617	20.06836
0.15747	2.01904	15.74707	20.19043
0.16089	2.03369	16.08887	20.33691
0.16211	2.04346	16.21094	20.43457
0.16626	2.05811	16.62598	20.58105
0.16772	2.07275	16.77246	20.72754
0.17041	2.08740	17.04102	20.87402
0.17358	2.09717	17.35840	20.97168
0.17578	2.11182	17.57813	21.11816
0.17749	2.12158	17.74902	21.21582
0.17993	2.13623	17.99316	21.36230
0.18262	2.15332	18.26172	21.53320
0.18579	2.16064	18.57910	21.60645
0.18750	2.17529	18.75000	21.75293
0.18970	2.18750	18.96973	21.87500
0.19263	2.20215	19.26270	22.02148
0.19458	2.21436	19.45801	22.14355
0.19751	2.22900	19.75098	22.29004
0.19971	2.23633	19.97070	22.36328
0.20215	2.25586	20.21484	22.55859
0.20483	2.26563	20.48340	22.65625
0.20801	2.28271	20.80078	22.82715
0.21021	2.29248	21.02051	22.92480
0.21167	2.29980	21.16699	22.99805
0.21509	2.31934	21.50879	23.19336
0.21704	2.32910	21.70410	23.29102
0.21973	2.34375	21.97266	23.43750
0.22241	2.35352	22.24121	23.53516
0.22461	2.36328	22.46094	23.63281
0.22583	2.37549	22.58301	23.75488
0.22925	2.39014	22.92480	23.90137
0.23242	2.39990	23.24219	23.99902
0.23462	2.41455	23.46191	24.14551
0.23730	2.42676	23.73047	24.26758
0.23877	2.43896	23.87695	24.38965
0.24121	2.44873	24.12109	24.48730
0.24414	2.46094	24.41406	24.60938
0.24634	2.47559	24.63379	24.75586
0.24878	2.48291	24.87793	24.82910
0.25171	2.49756	25.17090	24.97559
0.25342	2.50977	25.34180	25.09766
0.25610	2.52441	25.61035	25.24414
0.25879	2.53174	25.87891	25.31738
0.26221	2.54639	26.22070	25.46387
0.26294	2.55615	26.29395	25.56152
0.26660	2.56592	26.66016	25.65918
0.26782	2.57813	26.78223	25.78125
0.27124	2.59277	27.12402	25.92773
0.27344	2.60254	27.34375	26.02539
0.27515	2.61475	27.51465	26.14746
0.27881	2.62451	27.88086	26.24512
0.28052	2.63428	28.05176	26.34277
0.28418	2.64893	28.41797	26.48926
0.28613	2.66357	28.61328	26.63574
0.28857	2.67090	28.85742	26.70898
0.29004	2.68066	29.00391	26.80664
0.29297	2.69531	29.29688	26.95313
0.29565	2.70508	29.56543	27.05078
0.29834	2.71973	29.83398	27.19727
0.29980	2.72705	29.98047	27.27051
0.30371	2.73926	30.37109	27.39258
0.30518	2.75146	30.51758	27.51465
0.30786	2.76367	30.78613	27.63672
0.31079	2.77588	31.07910	27.75879
0.31226	2.78564	31.22559	27.85645
0.31665	2.80029	31.66504	28.00293
0.31763	2.81006	31.76270	28.10059
0.31982	2.82471	31.98242	28.24707
0.32251	2.83203	32.25098	28.32031
0.32495	2.84424	32.49512	28.44238
0.32813	2.85645	32.81250	28.56445
0.33179	2.87109	33.17871	28.71094
0.33228	2.88086	33.22754	28.80859
0.33545	2.89063	33.54492	28.90625
0.33789	2.90771	33.78906	29.07715
0.34009	2.91504	34.00879	29.15039
0.34326	2.93213	34.32617	29.32129
0.34399	2.93701	34.39941	29.37012
0.34717	2.95166	34.71680	29.51660
0.34888	2.96143	34.88770	29.61426
0.35229	2.97119	35.22949	29.71191
0.35449	2.98584	35.44922	29.85840
