-0.38843	-0.01904	-38.84277	-0.19043
-0.38550	-0.01953	-38.54980	-0.19531
-0.38330	-0.02002	-38.33008	-0.20020
-0.37988	-0.01855	-37.98828	-0.18555
-0.37646	-0.01904	-37.64648	-0.19043
-0.37500	-0.01855	-37.50000	-0.18555
-0.37256	-0.01953	-37.25586	-0.19531
-0.36963	-0.01855	-36.96289	-0.18555
-0.36792	-0.01855	-36.79199	-0.18555
-0.36426	-0.01807	-36.42578	-0.18066
-0.36279	-0.01807	-36.27930	-0.18066
-0.36011	-0.01855	-36.01074	-0.18555
-0.35693	-0.01807	-35.69336	-0.18066
-0.35474	-0.01758	-35.47363	-0.17578
-0.35181	-0.01709	-35.18066	-0.17090
-0.34912	-0.01855	-34.91211	-0.18555
-0.34741	-0.01709	-34.74121	-0.17090
-0.34448	-0.01758	-34.44824	-0.17578
-0.34204	-0.01758	-34.20410	-0.17578
-0.33838	-0.01660	-33.83789	-0.16602
-0.33667	-0.01758	-33.66699	-0.17578
-0.33447	-0.01758	-33.44727	-0.17578
-0.33105	-0.01758	-33.10547	-0.17578
-0.32959	-0.01709	-32.95898	-0.17090
-0.32715	-0.01611	-32.71484	-0.16113
-0.32422	-0.01611	-32.42188	-0.16113
-0.32178	-0.01709	-32.17773	-0.17090
-0.31885	-0.01611	-31.88477	-0.16113
-0.31689	-0.01611	-31.68945	-0.16113
-0.31445	-0.01611	-31.44531	-0.16113
-0.31128	-0.01660	-31.12793	-0.16602
-0.30811	-0.01611	-30.81055	-0.16113
-0.30493	-0.01611	-30.49316	-0.16113
-0.30322	-0.01563	-30.32227	-0.15625
-0.30176	-0.01514	-30.17578	-0.15137
-0.29834	-0.01611	-29.83398	-0.16113
-0.29565	-0.01514	-29.56543	-0.15137
-0.29346	-0.01514	-29.34570	-0.15137
-0.29028	-0.01563	-29.02832	-0.15625
-0.28784	-0.01465	-28.78418	-0.14648
-0.28540	-0.01514	-28.54004	-0.15137
-0.28296	-0.01465	-28.29590	-0.14648
-0.28027	-0.01465	-28.02734	-0.14648
-0.27759	-0.01514	-27.75879	-0.15137
-0.27563	-0.01563	-27.56348	-0.15625
-0.27295	-0.01465	-27.29492	-0.14648
-0.26978	-0.01465	-26.97754	-0.14648
-0.26782	-0.01416	-26.78223	-0.14160
-0.26440	-0.01416	-26.44043	-0.14160
-0.26172	-0.01465	-26.17188	-0.14648
-0.25903	-0.01367	-25.90332	-0.13672
-0.25610	-0.01416	-25.61035	-0.14160
-0.25366	-0.01416	-25.36621	-0.14160
-0.25195	-0.01367	-25.19531	-0.13672
-0.24854	-0.01416	-24.85352	-0.14160
-0.24731	-0.01416	-24.73145	-0.14160
-0.24414	-0.01367	-24.41406	-0.13672
-0.24146	-0.01367	-24.14551	-0.13672
-0.23828	-0.01367	-23.82813	-0.13672
-0.23584	-0.01270	-23.58398	-0.12695
-0.23315	-0.01221	-23.31543	-0.12207
-0.23120	-0.01367	-23.12012	-0.13672
-0.22900	-0.01270	-22.90039	-0.12695
-0.22583	-0.01318	-22.58301	-0.13184
-0.22363	-0.01318	-22.36328	-0.13184
-0.22021	-0.01270	-22.02148	-0.12695
-0.21875	-0.01270	-21.87500	-0.12695
-0.21558	-0.01270	-21.55762	-0.12695
-0.21411	-0.01221	-21.41113	-0.12207
-0.21094	-0.01270	-21.09375	-0.12695
-0.20801	-0.01221	-20.80078	-0.12207
-0.20557	-0.01123	-20.55664	-0.11230
-0.20264	-0.01221	-20.26367	-0.12207
-0.19995	-0.01172	-19.99512	-0.11719
-0.19849	-0.01123	-19.84863	-0.11230
-0.19604	-0.01123	-19.60449	-0.11230
-0.19238	-0.01172	-19.23828	-0.11719
-0.19019	-0.01172	-19.01855	-0.11719
-0.18701	-0.01123	-18.70117	-0.11230
-0.18457	-0.01221	-18.45703	-0.12207
-0.18213	-0.01074	-18.21289	-0.10742
-0.17969	-0.01074	-17.96875	-0.10742
-0.17676	-0.01025	-17.67578	-0.10254
-0.17310	-0.01074	-17.30957	-0.10742
-0.17139	-0.01074	-17.13867	-0.10742
-0.16968	-0.01074	-16.96777	-0.10742
-0.16650	-0.00928	-16.65039	-0.09277
-0.16357	-0.01074	-16.35742	-0.10742
-0.16138	-0.00928	-16.13770	-0.09277
-0.15991	-0.00928	-15.99121	-0.09277
-0.15723	-0.00977	-15.72266	-0.09766
-0.15405	-0.00977	-15.40527	-0.09766
-0.15210	-0.00879	-15.20996	-0.08789
-0.14868	-0.00977	-14.86816	-0.09766
-0.14648	-0.00879	-14.64844	-0.08789
-0.14307	-0.00928	-14.30664	-0.09277
-0.14038	-0.00928	-14.03809	-0.09277
-0.13745	-0.00928	-13.74512	-0.09277
-0.13599	-0.00928	-13.59863	-0.09277
-0.13379	-0.00928	-13.37891	-0.09277
-0.13086	-0.00879	-13.08594	-0.08789
-0.12915	-0.00879	-12.91504	-0.08789
-0.12500	-0.00781	-12.50000	-0.07813
-0.12280	-0.00928	-12.28027	-0.09277
-0.12134	-0.00879	-12.13379	-0.08789
-0.11816	-0.00830	-11.81641	-0.08301
-0.11548	-0.00732	-11.54785	-0.07324
-0.11230	-0.00732	-11.23047	-0.07324
-0.10986	-0.00732	-10.98633	-0.07324
-0.10840	-0.00781	-10.83984	-0.07813
-0.10498	-0.00684	-10.49805	-0.06836
-0.10205	-0.00732	-10.20508	-0.07324
-0.09937	-0.00684	-9.93652	-0.06836
-0.09668	-0.00684	-9.66797	-0.06836
-0.09497	-0.00684	-9.49707	-0.06836
-0.09229	-0.00635	-9.22852	-0.06348
-0.09058	-0.00586	-9.05762	-0.05859
-0.08667	-0.00586	-8.66699	-0.05859
-0.08423	-0.00537	-8.42285	-0.05371
-0.08105	-0.00488	-8.10547	-0.04883
-0.07910	-0.00586	-7.91016	-0.05859
-0.07690	-0.00586	-7.69043	-0.05859
-0.07349	-0.00586	-7.34863	-0.05859
-0.07056	-0.00439	-7.05566	-0.04395
-0.06885	-0.00488	-6.88477	-0.04883
-0.06689	-0.00488	-6.68945	-0.04883
-0.06372	-0.00391	-6.37207	-0.03906
-0.06152	-0.00439	-6.15234	-0.04395
-0.05811	-0.00342	-5.81055	-0.03418
-0.05591	-0.00293	-5.59082	-0.02930
-0.05396	-0.00293	-5.39551	-0.02930
-0.05151	-0.00244	-5.15137	-0.02441
-0.04834	-0.00293	-4.83398	-0.02930
-0.04590	-0.00293	-4.58984	-0.02930
-0.04272	-0.00244	-4.27246	-0.02441
-0.04077	-0.00244	-4.07715	-0.02441
-0.03784	-0.00098	-3.78418	-0.00977
-0.03613	-0.00049	-3.61328	-0.00488
-0.03369	0.00000	-3.36914	0.00000
-0.03003	0.00000	-3.00293	0.00000
-0.02759	0.00146	-2.75879	0.01465
-0.02490	0.00000	-2.49023	0.00000
-0.02319	0.00146	-2.31934	0.01465
-0.01978	0.00146	-1.97754	0.01465
-0.01758	0.00195	-1.75781	0.01953
-0.01514	0.00342	-1.51367	0.03418
-0.01294	0.00342	-1.29395	0.03418
-0.01074	0.00488	-1.07422	0.04883
-0.00757	0.00537	-0.75684	0.05371
-0.00513	0.00879	-0.51270	0.08789
-0.00317	0.01563	-0.31738	0.15625
0.00049	0.03760	0.04883	0.37598
0.00244	0.06396	0.24414	0.63965
0.00439	0.08252	0.43945	0.82520
0.00684	0.10400	0.68359	1.04004
0.00977	0.11572	0.97656	1.15723
0.01172	0.12891	1.17188	1.28906
0.01367	0.13672	1.36719	1.36719
0.01685	0.14746	1.68457	1.47461
0.02051	0.15479	2.05078	1.54785
0.02197	0.16260	2.19727	1.62598
0.02393	0.16895	2.39258	1.68945
0.02710	0.17578	2.70996	1.75781
0.02979	0.18115	2.97852	1.81152
0.03101	0.18750	3.10059	1.87500
0.03394	0.19385	3.39355	1.93848
0.03638	0.19873	3.63770	1.98730
0.04004	0.20361	4.00391	2.03613
0.04150	0.20801	4.15039	2.08008
0.04443	0.21338	4.44336	2.13379
0.04663	0.21924	4.66309	2.19238
0.05078	0.22314	5.07813	2.23145
0.05273	0.22754	5.27344	2.27539
0.05469	0.23193	5.46875	2.31934
0.05640	0.23682	5.63965	2.36816
0.06030	0.24219	6.03027	2.42188
0.06226	0.24609	6.22559	2.46094
0.06494	0.24902	6.49414	2.49023
0.06714	0.25439	6.71387	2.54395
0.06982	0.25781	6.98242	2.57813
0.07324	0.26221	7.32422	2.62207
0.07422	0.26709	7.42188	2.67090
0.07813	0.27148	7.81250	2.71484
0.08032	0.27490	8.03223	2.74902
0.08301	0.27881	8.30078	2.78809
0.08496	0.28369	8.49609	2.83691
0.08765	0.28760	8.76465	2.87598
0.09106	0.29199	9.10645	2.91992
0.09229	0.29590	9.22852	2.95898
0.09521	0.29883	9.52148	2.98828
0.09863	0.30322	9.86328	3.03223
0.10059	0.30664	10.05859	3.06641
0.10303	0.31055	10.30273	3.10547
0.10498	0.31396	10.49805	3.13965
0.10767	0.31738	10.76660	3.17383
0.11108	0.32227	11.10840	3.22266
0.11279	0.32520	11.27930	3.25195
0.11523	0.32959	11.52344	3.29590
0.11768	0.33154	11.76758	3.31543
0.12134	0.33545	12.13379	3.35449
0.12354	0.33984	12.35352	3.39844
0.12573	0.34375	12.57324	3.43750
0.12793	0.34717	12.79297	3.47168
0.13013	0.34863	13.01270	3.48633
0.13354	0.35303	13.35449	3.53027
0.13623	0.35596	13.62305	3.55957
0.13892	0.36133	13.89160	3.61328
0.14087	0.36279	14.08691	3.62793
0.14380	0.36670	14.37988	3.66699
0.14551	0.36963	14.55078	3.69629
0.14868	0.37451	14.86816	3.74512
0.15088	0.37744	15.08789	3.77441
0.15405	0.38135	15.40527	3.81348
0.15649	0.38330	15.64941	3.83301
0.15894	0.38770	15.89355	3.87695
0.16113	0.39063	16.11328	3.90625
0.16406	0.39307	16.40625	3.93066
0.16626	0.39697	16.62598	3.96973
0.16870	0.40088	16.87012	4.00879
0.17163	0.40430	17.16309	4.04297
0.17383	0.40723	17.38281	4.07227
0.17627	0.41064	17.62695	4.10645
0.17871	0.41455	17.87109	4.14551
0.18188	0.41602	18.18848	4.16016
0.18408	0.42041	18.40820	4.20410
0.18652	0.42383	18.65234	4.23828
0.18921	0.42725	18.92090	4.27246
0.19165	0.43115	19.16504	4.31152
0.19360	0.43359	19.36035	4.33594
0.19678	0.43701	19.67773	4.37012
0.19946	0.44043	19.94629	4.40430
0.20190	0.44385	20.19043	4.43848
0.20410	0.44629	20.41016	4.46289
0.20752	0.44922	20.75195	4.49219
0.21021	0.45264	21.02051	4.52637
0.21265	0.45605	21.26465	4.56055
0.21558	0.45947	21.55762	4.59473
0.21680	0.46240	21.67969	4.62402
0.21948	0.46582	21.94824	4.65820
0.22241	0.46875	22.24121	4.68750
0.22534	0.47119	22.53418	4.71191
0.22803	0.47461	22.80273	4.74609
0.22900	0.47656	22.90039	4.76563
0.23267	0.48047	23.26660	4.80469
0.23511	0.48291	23.51074	4.82910
0.23804	0.48633	23.80371	4.86328
0.24048	0.49072	24.04785	4.90723
0.24414	0.49219	24.41406	4.92188
0.24561	0.49463	24.56055	4.94629
0.24878	0.49902	24.87793	4.99023
0.25098	0.50146	25.09766	5.01465
0.25269	0.50391	25.26855	5.03906
0.25464	0.50732	25.46387	5.07324
0.25781	0.50928	25.78125	5.09277
0.26099	0.51221	26.09863	5.12207
0.26294	0.51465	26.29395	5.14648
0.26563	0.51807	26.56250	5.18066
0.26807	0.52100	26.80664	5.20996
0.27100	0.52393	27.09961	5.23926
0.27295	0.52637	27.29492	5.26367
0.27588	0.52930	27.58789	5.29297
0.27856	0.53320	27.85645	5.33203
0.28125	0.53467	28.12500	5.34668
0.28296	0.53760	28.29590	5.37598
0.28564	0.54053	28.56445	5.40527
0.28882	0.54395	28.88184	5.43945
0.29199	0.54688	29.19922	5.46875
0.29395	0.54883	29.39453	5.48828
0.29639	0.55225	29.63867	5.52246
0.29810	0.55371	29.80957	5.53711
0.30200	0.55811	30.20020	5.58105
0.30469	0.56006	30.46875	5.60059
0.30640	0.56348	30.63965	5.63477
0.30835	0.56592	30.83496	5.65918
0.31079	0.56836	31.07910	5.68359
0.31421	0.57178	31.42090	5.71777
0.31616	0.57471	31.61621	5.74707
0.31982	0.57813	31.98242	5.78125
0.32178	0.58057	32.17773	5.80566
0.32446	0.58301	32.44629	5.83008
0.32690	0.58545	32.69043	5.85449
0.32935	0.58789	32.93457	5.87891
0.33228	0.59229	33.22754	5.92285
0.33423	0.59326	33.42285	5.93262
0.33813	0.59717	33.81348	5.97168
0.34033	0.59912	34.03320	5.99121
0.34180	0.60303	34.17969	6.03027
0.34424	0.60547	34.42383	6.05469
0.34741	0.60889	34.74121	6.08887
0.34937	0.61084	34.93652	6.10840
0.35229	0.61523	35.22949	6.15234
0.35522	0.61768	35.52246	6.17676
0.35840	0.62012	35.83984	6.20117
0.36035	0.62207	36.03516	6.22070
0.36230	0.62451	36.23047	6.24512
0.36499	0.62793	36.49902	6.27930
0.36890	0.63135	36.88965	6.31348
0.37012	0.63477	37.01172	6.34766
0.37256	0.63672	37.25586	6.36719
0.37500	0.64014	37.50000	6.40137
0.37720	0.64258	37.71973	6.42578
