-0.38867	-0.05859	-38.86719	-0.58594
-0.38623	-0.05859	-38.62305	-0.58594
-0.38354	-0.05859	-38.35449	-0.58594
-0.38037	-0.05859	-38.03711	-0.58594
-0.37769	-0.05859	-37.76855	-0.58594
-0.37524	-0.05859	-37.52441	-0.58594
-0.37231	-0.05859	-37.23145	-0.58594
-0.36963	-0.05859	-36.96289	-0.58594
-0.36914	-0.05859	-36.91406	-0.58594
-0.36548	-0.05859	-36.54785	-0.58594
-0.36255	-0.05859	-36.25488	-0.58594
-0.36060	-0.05859	-36.05957	-0.58594
-0.35840	-0.05859	-35.83984	-0.58594
-0.35571	-0.05859	-35.57129	-0.58594
-0.35327	-0.05859	-35.32715	-0.58594
-0.34888	-0.05859	-34.88770	-0.58594
-0.34717	-0.05859	-34.71680	-0.58594
-0.34473	-0.05859	-34.47266	-0.58594
-0.34326	-0.05859	-34.32617	-0.58594
-0.33960	-0.05859	-33.95996	-0.58594
-0.33691	-0.05859	-33.69141	-0.58594
-0.33521	-0.05371	-33.52051	-0.53711
-0.33252	-0.05859	-33.25195	-0.58594
-0.32910	-0.05859	-32.91016	-0.58594
-0.32593	-0.05371	-32.59277	-0.53711
-0.32471	-0.05371	-32.47070	-0.53711
-0.32104	-0.05859	-32.10449	-0.58594
-0.31836	-0.05371	-31.83594	-0.53711
-0.31689	-0.05371	-31.68945	-0.53711
-0.31396	-0.05371	-31.39648	-0.53711
-0.31104	-0.05371	-31.10352	-0.53711
-0.30884	-0.05371	-30.88379	-0.53711
-0.30591	-0.05371	-30.59082	-0.53711
-0.30444	-0.05371	-30.44434	-0.53711
-0.30151	-0.05371	-30.15137	-0.53711
-0.29761	-0.05371	-29.76074	-0.53711
-0.29590	-0.04883	-29.58984	-0.48828
-0.29395	-0.05371	-29.39453	-0.53711
-0.29077	-0.05371	-29.07715	-0.53711
-0.28784	-0.05371	-28.78418	-0.53711
-0.28638	-0.05371	-28.63770	-0.53711
-0.28345	-0.05371	-28.34473	-0.53711
-0.28101	-0.04883	-28.10059	-0.48828
-0.27759	-0.04883	-27.75879	-0.48828
-0.27490	-0.04883	-27.49023	-0.48828
-0.27319	-0.05371	-27.31934	-0.53711
-0.26953	-0.04883	-26.95313	-0.48828
-0.26758	-0.05371	-26.75781	-0.53711
-0.26514	-0.04883	-26.51367	-0.48828
-0.26294	-0.04883	-26.29395	-0.48828
-0.26001	-0.04883	-26.00098	-0.48828
-0.25659	-0.04883	-25.65918	-0.48828
-0.25488	-0.04883	-25.48828	-0.48828
-0.25220	-0.04883	-25.21973	-0.48828
-0.25000	-0.04883	-25.00000	-0.48828
-0.24707	-0.04883	-24.70703	-0.48828
-0.24487	-0.04883	-24.48730	-0.48828
-0.24292	-0.04395	-24.29199	-0.43945
-0.23901	-0.04883	-23.90137	-0.48828
-0.23608	-0.04883	-23.60840	-0.48828
-0.23486	-0.04395	-23.48633	-0.43945
-0.23047	-0.04395	-23.04688	-0.43945
-0.22852	-0.04395	-22.85156	-0.43945
-0.22681	-0.04395	-22.68066	-0.43945
-0.22388	-0.04395	-22.38770	-0.43945
-0.22119	-0.04395	-22.11914	-0.43945
-0.21924	-0.04395	-21.92383	-0.43945
-0.21582	-0.04395	-21.58203	-0.43945
-0.21338	-0.04395	-21.33789	-0.43945
-0.21094	-0.04395	-21.09375	-0.43945
-0.20874	-0.04395	-20.87402	-0.43945
-0.20605	-0.04395	-20.60547	-0.43945
-0.20386	-0.03906	-20.38574	-0.39063
-0.20044	-0.04395	-20.04395	-0.43945
-0.19849	-0.04395	-19.84863	-0.43945
-0.19556	-0.04395	-19.55566	-0.43945
-0.19214	-0.03906	-19.21387	-0.39063
-0.19067	-0.04395	-19.06738	-0.43945
-0.18726	-0.03906	-18.72559	-0.39063
-0.18604	-0.04395	-18.60352	-0.43945
-0.18237	-0.03906	-18.23730	-0.39063
-0.18066	-0.03906	-18.06641	-0.39063
-0.17773	-0.03906	-17.77344	-0.39063
-0.17529	-0.03906	-17.52930	-0.39063
-0.17285	-0.03906	-17.28516	-0.39063
-0.17017	-0.03906	-17.01660	-0.39063
-0.16675	-0.03418	-16.67480	-0.34180
-0.16528	-0.03906	-16.52832	-0.39063
-0.16260	-0.03906	-16.25977	-0.39063
-0.16016	-0.03906	-16.01563	-0.39063
-0.15820	-0.03418	-15.82031	-0.34180
-0.15503	-0.03906	-15.50293	-0.39063
-0.15161	-0.03418	-15.16113	-0.34180
-0.14771	-0.03418	-14.77051	-0.34180
-0.14746	-0.03418	-14.74609	-0.34180
-0.14404	-0.03418	-14.40430	-0.34180
-0.14111	-0.03418	-14.11133	-0.34180
-0.13892	-0.02930	-13.89160	-0.29297
-0.13672	-0.03418	-13.67188	-0.34180
-0.13477	-0.03418	-13.47656	-0.34180
-0.13184	-0.03418	-13.18359	-0.34180
-0.12915	-0.02930	-12.91504	-0.29297
-0.12598	-0.03418	-12.59766	-0.34180
-0.12378	-0.02930	-12.37793	-0.29297
-0.12134	-0.02930	-12.13379	-0.29297
-0.11841	-0.02930	-11.84082	-0.29297
-0.11572	-0.02930	-11.57227	-0.29297
-0.11401	-0.02930	-11.40137	-0.29297
-0.11060	-0.02930	-11.05957	-0.29297
-0.10815	-0.02441	-10.81543	-0.24414
-0.10547	-0.02441	-10.54688	-0.24414
-0.10327	-0.02441	-10.32715	-0.24414
-0.10156	-0.02441	-10.15625	-0.24414
-0.09888	-0.02441	-9.88770	-0.24414
-0.09473	-0.02441	-9.47266	-0.24414
-0.09253	-0.02441	-9.25293	-0.24414
-0.09058	-0.01953	-9.05762	-0.19531
-0.08813	-0.01953	-8.81348	-0.19531
-0.08569	-0.01953	-8.56934	-0.19531
-0.08276	-0.01953	-8.27637	-0.19531
-0.07959	-0.01465	-7.95898	-0.14648
-0.07739	-0.01465	-7.73926	-0.14648
-0.07422	-0.01465	-7.42188	-0.14648
-0.07251	-0.00977	-7.25098	-0.09766
-0.07056	-0.00977	-7.05566	-0.09766
-0.06616	-0.00977	-6.61621	-0.09766
-0.06470	-0.00977	-6.46973	-0.09766
-0.06299	-0.00488	-6.29883	-0.04883
-0.05957	-0.00488	-5.95703	-0.04883
-0.05811	0.00000	-5.81055	0.00000
-0.05396	0.00000	-5.39551	0.00000
-0.05127	0.00000	-5.12695	0.00000
-0.04761	0.00488	-4.76074	0.04883
-0.04663	0.00488	-4.66309	0.04883
-0.04272	0.00977	-4.27246	0.09766
-0.04126	0.00977	-4.12598	0.09766
-0.03882	0.01465	-3.88184	0.14648
-0.03662	0.01953	-3.66211	0.19531
-0.03442	0.01953	-3.44238	0.19531
-0.03125	0.02930	-3.12500	0.29297
-0.03003	0.02930	-3.00293	0.29297
-0.02637	0.03906	-2.63672	0.39063
-0.02441	0.04395	-2.44141	0.43945
-0.02075	0.04883	-2.07520	0.48828
-0.01978	0.05859	-1.97754	0.58594
-0.01611	0.06836	-1.61133	0.68359
-0.01367	0.08301	-1.36719	0.83008
-0.01099	0.10254	-1.09863	1.02539
-0.00903	0.12207	-0.90332	1.22070
-0.00659	0.15625	-0.65918	1.56250
-0.00513	0.19531	-0.51270	1.95313
-0.00269	0.24414	-0.26855	2.44141
-0.00146	0.31738	-0.14648	3.17383
0.00122	0.38086	0.12207	3.80859
0.00269	0.48828	0.26855	4.88281
0.00391	0.58105	0.39063	5.81055
0.00562	0.73242	0.56152	7.32422
0.00708	0.84961	0.70801	8.49609
0.00732	0.99121	0.73242	9.91211
0.00854	1.14258	0.85449	11.42578
0.00977	1.29883	0.97656	12.98828
0.01147	1.47461	1.14746	14.74609
0.01172	1.65527	1.17188	16.55273
0.01221	1.79688	1.22070	17.96875
0.01294	1.95801	1.29395	19.58008
0.01367	2.14355	1.36719	21.43555
0.01660	2.32910	1.66016	23.29102
0.01563	2.50488	1.56250	25.04883
0.01733	2.61719	1.73340	26.17188
0.01880	2.75879	1.87988	27.58789
0.02051	2.84668	2.05078	28.46680
0.02271	2.96387	2.27051	29.63867
0.02393	3.02734	2.39258	30.27344
0.02563	3.10059	2.56348	31.00586
0.02759	3.15430	2.75879	31.54297
0.03027	3.23242	3.02734	32.32422
0.03149	3.28125	3.14941	32.81250
0.03467	3.32031	3.46680	33.20313
0.03564	3.38379	3.56445	33.83789
0.03784	3.42773	3.78418	34.27734
0.04102	3.48633	4.10156	34.86328
0.04175	3.53516	4.17480	35.35156
0.04468	3.57422	4.46777	35.74219
0.04663	3.61816	4.66309	36.18164
0.04883	3.66699	4.88281	36.66992
0.05127	3.71094	5.12695	37.10938
0.05371	3.75488	5.37109	37.54883
0.05542	3.78418	5.54199	37.84180
0.05786	3.83301	5.78613	38.33008
0.05908	3.86719	5.90820	38.67188
0.06152	3.91113	6.15234	39.11133
0.06421	3.95508	6.42090	39.55078
0.06567	3.97461	6.56738	39.74609
0.06885	4.02344	6.88477	40.23438
0.07080	4.05762	7.08008	40.57617
0.07324	4.10156	7.32422	41.01563
0.07495	4.13574	7.49512	41.35742
0.07813	4.16992	7.81250	41.69922
0.08008	4.20410	8.00781	42.04102
0.08228	4.24316	8.22754	42.43164
0.08521	4.27734	8.52051	42.77344
0.08594	4.31641	8.59375	43.16406
0.08789	4.34570	8.78906	43.45703
0.09009	4.37500	9.00879	43.75000
0.09277	4.41406	9.27734	44.14063
0.09570	4.44336	9.57031	44.43359
0.09766	4.48242	9.76563	44.82422
0.10010	4.50684	10.00977	45.06836
0.10156	4.55078	10.15625	45.50781
0.10425	4.58008	10.42480	45.80078
0.10669	4.61914	10.66895	46.19141
0.10840	4.64844	10.83984	46.48438
0.11182	4.67285	11.18164	46.72852
0.11230	4.70215	11.23047	47.02148
0.11621	4.74609	11.62109	47.46094
0.11792	4.77051	11.79199	47.70508
0.11938	4.80469	11.93848	48.04688
0.12183	4.82422	12.18262	48.24219
0.12500	4.85352	12.50000	48.53516
0.12622	4.89258	12.62207	48.92578
0.12891	4.92188	12.89063	49.21875
0.13232	4.95605	13.23242	49.56055
0.13330	4.98047	13.33008	49.80469
0.13550	5.01465	13.54980	50.14648
0.13843	5.03418	13.84277	50.34180
0.14111	5.06836	14.11133	50.68359
0.14282	5.10254	14.28223	51.02539
0.14600	5.12695	14.59961	51.26953
0.14771	5.15137	14.77051	51.51367
0.14893	5.17578	14.89258	51.75781
0.15210	5.21484	15.20996	52.14844
0.15454	5.23438	15.45410	52.34375
0.15674	5.25391	15.67383	52.53906
0.15894	5.29785	15.89355	52.97852
0.16064	5.31738	16.06445	53.17383
0.16455	5.34180	16.45508	53.41797
0.16577	5.37598	16.57715	53.75977
0.16821	5.40039	16.82129	54.00391
0.17065	5.42969	17.06543	54.29688
0.17285	5.45410	17.28516	54.54102
0.17554	5.48340	17.55371	54.83398
0.17700	5.50781	17.70020	55.07813
0.17920	5.53223	17.91992	55.32227
0.18237	5.56152	18.23730	55.61523
0.18457	5.57617	18.45703	55.76172
0.18774	5.61523	18.77441	56.15234
0.18921	5.63965	18.92090	56.39648
0.19116	5.66406	19.11621	56.64063
0.19458	5.68359	19.45801	56.83594
0.19775	5.72266	19.77539	57.22656
0.19922	5.74219	19.92188	57.42188
0.20117	5.76660	20.11719	57.66602
0.20361	5.78613	20.36133	57.86133
0.20581	5.82520	20.58105	58.25195
0.20801	5.84961	20.80078	58.49609
0.21045	5.87402	21.04492	58.74023
0.21338	5.89844	21.33789	58.98438
0.21582	5.90820	21.58203	59.08203
0.21704	5.94238	21.70410	59.42383
0.21997	5.97168	21.99707	59.71680
0.22168	6.00098	22.16797	60.00977
0.22461	6.02051	22.46094	60.20508
0.22656	6.04004	22.65625	60.40039
0.22827	6.06445	22.82715	60.64453
0.23145	6.09375	23.14453	60.93750
0.23413	6.12305	23.41309	61.23047
0.23608	6.13770	23.60840	61.37695
0.23853	6.15723	23.85254	61.57227
0.23999	6.18164	23.99902	61.81641
0.24316	6.21094	24.31641	62.10938
0.24585	6.23535	24.58496	62.35352
0.24731	6.25977	24.73145	62.59766
0.24951	6.27930	24.95117	62.79297
0.25269	6.30371	25.26855	63.03711
0.25537	6.32324	25.53711	63.23242
0.25732	6.36230	25.73242	63.62305
0.25879	6.38184	25.87891	63.81836
0.26196	6.39648	26.19629	63.96484
0.26367	6.42578	26.36719	64.25781
0.26685	6.45020	26.68457	64.50195
0.26807	6.47461	26.80664	64.74609
0.27100	6.46973	27.09961	64.69727
0.27319	6.47461	27.31934	64.74609
0.27563	6.46484	27.56348	64.64844
0.27734	6.46484	27.73438	64.64844
0.28076	6.46973	28.07617	64.69727
0.28320	6.47461	28.32031	64.74609
0.28540	6.46973	28.54004	64.69727
0.28735	6.47461	28.73535	64.74609
0.28979	6.46973	28.97949	64.69727
0.29272	6.47461	29.27246	64.74609
0.29565	6.47461	29.56543	64.74609
0.29663	6.47949	29.66309	64.79492
0.29883	6.48438	29.88281	64.84375
0.30054	6.48438	30.05371	64.84375
0.30371	6.49414	30.37109	64.94141
0.30664	6.49902	30.66406	64.99023
0.31006	6.49902	31.00586	64.99023
0.31055	6.50391	31.05469	65.03906
0.31421	6.50879	31.42090	65.08789
0.31519	6.49902	31.51855	64.99023
