-0.38843	-0.02808	-38.84277	-0.28076
-0.38647	-0.02808	-38.64746	-0.28076
-0.38428	-0.02808	-38.42773	-0.28076
-0.38062	-0.02808	-38.06152	-0.28076
-0.37744	-0.02686	-37.74414	-0.26855
-0.37622	-0.02808	-37.62207	-0.28076
-0.37378	-0.02808	-37.37793	-0.28076
-0.37012	-0.02808	-37.01172	-0.28076
-0.36890	-0.02686	-36.88965	-0.26855
-0.36646	-0.02686	-36.64551	-0.26855
-0.36279	-0.02686	-36.27930	-0.26855
-0.35986	-0.02686	-35.98633	-0.26855
-0.35815	-0.02686	-35.81543	-0.26855
-0.35571	-0.02686	-35.57129	-0.26855
-0.35352	-0.02686	-35.35156	-0.26855
-0.35034	-0.02686	-35.03418	-0.26855
-0.34912	-0.02563	-34.91211	-0.25635
-0.34521	-0.02563	-34.52148	-0.25635
-0.34204	-0.02686	-34.20410	-0.26855
-0.33911	-0.02686	-33.91113	-0.26855
-0.33716	-0.02563	-33.71582	-0.25635
-0.33472	-0.02563	-33.47168	-0.25635
-0.33179	-0.02563	-33.17871	-0.25635
-0.32983	-0.02441	-32.98340	-0.24414
-0.32690	-0.02563	-32.69043	-0.25635
-0.32520	-0.02563	-32.51953	-0.25635
-0.32153	-0.02563	-32.15332	-0.25635
-0.31958	-0.02563	-31.95801	-0.25635
-0.31665	-0.02441	-31.66504	-0.24414
-0.31396	-0.02441	-31.39648	-0.24414
-0.31152	-0.02441	-31.15234	-0.24414
-0.30981	-0.02563	-30.98145	-0.25635
-0.30713	-0.02563	-30.71289	-0.25635
-0.30298	-0.02319	-30.29785	-0.23193
-0.30103	-0.02441	-30.10254	-0.24414
-0.29907	-0.02319	-29.90723	-0.23193
-0.29590	-0.02319	-29.58984	-0.23193
-0.29346	-0.02319	-29.34570	-0.23193
-0.29150	-0.02319	-29.15039	-0.23193
-0.28833	-0.02319	-28.83301	-0.23193
-0.28589	-0.02197	-28.58887	-0.21973
-0.28418	-0.02197	-28.41797	-0.21973
-0.28101	-0.02319	-28.10059	-0.23193
-0.27734	-0.02197	-27.73438	-0.21973
-0.27588	-0.02319	-27.58789	-0.23193
-0.27222	-0.02197	-27.22168	-0.21973
-0.27124	-0.02197	-27.12402	-0.21973
-0.26782	-0.02319	-26.78223	-0.23193
-0.26440	-0.02197	-26.44043	-0.21973
-0.26270	-0.02197	-26.26953	-0.21973
-0.25977	-0.02197	-25.97656	-0.21973
-0.25708	-0.02075	-25.70801	-0.20752
-0.25488	-0.02197	-25.48828	-0.21973
-0.25244	-0.02197	-25.24414	-0.21973
-0.25000	-0.02197	-25.00000	-0.21973
-0.24854	-0.02075	-24.85352	-0.20752
-0.24512	-0.02075	-24.51172	-0.20752
-0.24292	-0.02075	-24.29199	-0.20752
-0.23950	-0.02075	-23.95020	-0.20752
-0.23608	-0.02197	-23.60840	-0.21973
-0.23511	-0.02075	-23.51074	-0.20752
-0.23218	-0.01953	-23.21777	-0.19531
-0.22998	-0.01953	-22.99805	-0.19531
-0.22681	-0.02075	-22.68066	-0.20752
-0.22388	-0.02075	-22.38770	-0.20752
-0.22144	-0.01953	-22.14355	-0.19531
-0.21851	-0.01953	-21.85059	-0.19531
-0.21558	-0.01831	-21.55762	-0.18311
-0.21387	-0.01831	-21.38672	-0.18311
-0.21069	-0.01831	-21.06934	-0.18311
-0.20898	-0.01831	-20.89844	-0.18311
-0.20605	-0.01953	-20.60547	-0.19531
-0.20337	-0.01831	-20.33691	-0.18311
-0.20166	-0.01831	-20.16602	-0.18311
-0.19873	-0.01709	-19.87305	-0.17090
-0.19653	-0.01953	-19.65332	-0.19531
-0.19360	-0.01831	-19.36035	-0.18311
-0.19116	-0.01709	-19.11621	-0.17090
-0.18823	-0.01709	-18.82324	-0.17090
-0.18579	-0.01831	-18.57910	-0.18311
-0.18164	-0.01831	-18.16406	-0.18311
-0.18066	-0.01709	-18.06641	-0.17090
-0.17773	-0.01709	-17.77344	-0.17090
-0.17480	-0.01709	-17.48047	-0.17090
-0.17090	-0.01831	-17.08984	-0.18311
-0.17017	-0.01709	-17.01660	-0.17090
-0.16846	-0.01709	-16.84570	-0.17090
-0.16577	-0.01587	-16.57715	-0.15869
-0.16333	-0.01587	-16.33301	-0.15869
-0.15918	-0.01587	-15.91797	-0.15869
-0.15747	-0.01465	-15.74707	-0.14648
-0.15527	-0.01465	-15.52734	-0.14648
-0.15210	-0.01465	-15.20996	-0.14648
-0.15063	-0.01465	-15.06348	-0.14648
-0.14600	-0.01465	-14.59961	-0.14648
-0.14502	-0.01465	-14.50195	-0.14648
-0.14209	-0.01343	-14.20898	-0.13428
-0.13989	-0.01343	-13.98926	-0.13428
-0.13745	-0.01343	-13.74512	-0.13428
-0.13354	-0.01465	-13.35449	-0.14648
-0.13110	-0.01465	-13.11035	-0.14648
-0.12866	-0.01343	-12.86621	-0.13428
-0.12646	-0.01465	-12.64648	-0.14648
-0.12500	-0.01343	-12.50000	-0.13428
-0.12085	-0.01343	-12.08496	-0.13428
-0.11841	-0.01221	-11.84082	-0.12207
-0.11523	-0.01343	-11.52344	-0.13428
-0.11377	-0.01343	-11.37695	-0.13428
-0.11182	-0.01221	-11.18164	-0.12207
-0.10864	-0.01221	-10.86426	-0.12207
-0.10522	-0.01099	-10.52246	-0.10986
-0.10327	-0.01099	-10.32715	-0.10986
-0.10107	-0.01099	-10.10742	-0.10986
-0.09790	-0.01099	-9.79004	-0.10986
-0.09619	-0.01099	-9.61914	-0.10986
-0.09326	-0.00977	-9.32617	-0.09766
-0.09033	-0.00977	-9.03320	-0.09766
-0.08740	-0.00854	-8.74023	-0.08545
-0.08545	-0.00977	-8.54492	-0.09766
-0.08203	-0.00854	-8.20313	-0.08545
-0.08032	-0.00854	-8.03223	-0.08545
-0.07739	-0.00854	-7.73926	-0.08545
-0.07593	-0.00854	-7.59277	-0.08545
-0.07251	-0.00854	-7.25098	-0.08545
-0.07080	-0.00732	-7.08008	-0.07324
-0.06836	-0.00610	-6.83594	-0.06104
-0.06519	-0.00732	-6.51855	-0.07324
-0.06177	-0.00610	-6.17676	-0.06104
-0.05981	-0.00610	-5.98145	-0.06104
-0.05640	-0.00366	-5.63965	-0.03662
-0.05469	-0.00366	-5.46875	-0.03662
-0.05225	-0.00366	-5.22461	-0.03662
-0.04956	-0.00244	-4.95605	-0.02441
-0.04736	-0.00244	-4.73633	-0.02441
-0.04395	-0.00122	-4.39453	-0.01221
-0.04126	-0.00122	-4.12598	-0.01221
-0.03931	0.00000	-3.93066	0.00000
-0.03711	0.00244	-3.71094	0.02441
-0.03418	0.00244	-3.41797	0.02441
-0.03149	0.00488	-3.14941	0.04883
-0.02832	0.00488	-2.83203	0.04883
-0.02612	0.00610	-2.61230	0.06104
-0.02368	0.00732	-2.36816	0.07324
-0.02075	0.00977	-2.07520	0.09766
-0.01929	0.01221	-1.92871	0.12207
-0.01587	0.01465	-1.58691	0.14648
-0.01367	0.01953	-1.36719	0.19531
-0.01099	0.02441	-1.09863	0.24414
-0.00854	0.03296	-0.85449	0.32959
-0.00562	0.04883	-0.56152	0.48828
-0.00342	0.06714	-0.34180	0.67139
-0.00122	0.08911	-0.12207	0.89111
0.00000	0.13428	0.00000	1.34277
0.00244	0.17700	0.24414	1.77002
0.00488	0.24536	0.48828	2.45361
0.00635	0.29053	0.63477	2.90527
0.00977	0.34180	0.97656	3.41797
0.01074	0.38208	1.07422	3.82080
0.01294	0.42236	1.29395	4.22363
0.01587	0.46387	1.58691	4.63867
0.01782	0.49316	1.78223	4.93164
0.02051	0.51636	2.05078	5.16357
0.02197	0.54321	2.19727	5.43213
0.02466	0.56274	2.46582	5.62744
0.02759	0.58472	2.75879	5.84717
0.02930	0.60425	2.92969	6.04248
0.03223	0.62256	3.22266	6.22559
0.03418	0.63843	3.41797	6.38428
0.03735	0.65430	3.73535	6.54297
0.04028	0.67261	4.02832	6.72607
0.04224	0.68726	4.22363	6.87256
0.04468	0.70313	4.46777	7.03125
0.04736	0.71533	4.73633	7.15332
0.04858	0.72876	4.85840	7.28760
0.05176	0.74219	5.17578	7.42188
0.05444	0.75806	5.44434	7.58057
0.05688	0.77148	5.68848	7.71484
0.05835	0.78125	5.83496	7.81250
0.06201	0.79468	6.20117	7.94678
0.06323	0.80688	6.32324	8.06885
0.06616	0.82275	6.61621	8.22754
0.06909	0.83496	6.90918	8.34961
0.07129	0.84717	7.12891	8.47168
0.07373	0.85938	7.37305	8.59375
0.07544	0.87158	7.54395	8.71582
0.07861	0.88501	7.86133	8.85010
0.08105	0.89844	8.10547	8.98438
0.08325	0.90820	8.32520	9.08203
0.08594	0.92163	8.59375	9.21631
0.08789	0.93262	8.78906	9.32617
0.09033	0.94360	9.03320	9.43604
0.09253	0.95459	9.25293	9.54590
0.09521	0.96558	9.52148	9.65576
0.09790	0.97778	9.79004	9.77783
0.10034	0.98511	10.03418	9.85107
0.10376	1.00098	10.37598	10.00977
0.10522	1.00952	10.52246	10.09521
0.10840	1.01929	10.83984	10.19287
0.11011	1.02905	11.01074	10.29053
0.11255	1.04126	11.25488	10.41260
0.11523	1.05103	11.52344	10.51025
0.11792	1.06323	11.79199	10.63232
0.12158	1.07178	12.15820	10.71777
0.12305	1.08032	12.30469	10.80322
0.12476	1.09009	12.47559	10.90088
0.12769	1.10107	12.76855	11.01074
0.13037	1.11206	13.03711	11.12061
0.13281	1.12061	13.28125	11.20605
0.13525	1.13159	13.52539	11.31592
0.13818	1.13892	13.81836	11.38916
0.14038	1.15234	14.03809	11.52344
0.14307	1.15967	14.30664	11.59668
0.14478	1.17065	14.47754	11.70654
0.14746	1.17676	14.74609	11.76758
0.15063	1.18774	15.06348	11.87744
0.15259	1.19751	15.25879	11.97510
0.15479	1.20605	15.47852	12.06055
0.15771	1.21704	15.77148	12.17041
0.16016	1.22681	16.01563	12.26807
0.16211	1.23535	16.21094	12.35352
0.16528	1.24390	16.52832	12.43896
0.16748	1.25366	16.74805	12.53662
0.17017	1.26465	17.01660	12.64648
0.17285	1.27319	17.28516	12.73193
0.17505	1.28418	17.50488	12.84180
0.17700	1.29395	17.70020	12.93945
0.18042	1.30371	18.04199	13.03711
0.18262	1.31470	18.26172	13.14697
0.18530	1.32324	18.53027	13.23242
0.18652	1.33057	18.65234	13.30566
0.18896	1.34033	18.89648	13.40332
0.19263	1.34888	19.26270	13.48877
0.19409	1.35986	19.40918	13.59863
0.19702	1.36719	19.70215	13.67188
0.19971	1.37695	19.97070	13.76953
0.20264	1.38672	20.26367	13.86719
0.20459	1.39648	20.45898	13.96484
0.20679	1.40625	20.67871	14.06250
0.20947	1.41479	20.94727	14.14795
0.21265	1.42090	21.26465	14.20898
0.21533	1.43188	21.53320	14.31885
0.21802	1.43921	21.80176	14.39209
0.21924	1.44775	21.92383	14.47754
0.22217	1.45508	22.21680	14.55078
0.22534	1.46362	22.53418	14.63623
0.22729	1.47461	22.72949	14.74609
0.22998	1.48193	22.99805	14.81934
0.23291	1.48926	23.29102	14.89258
0.23438	1.49902	23.43750	14.99023
0.23730	1.50513	23.73047	15.05127
0.23950	1.51367	23.95020	15.13672
0.24194	1.52222	24.19434	15.22217
0.24463	1.53076	24.46289	15.30762
0.24731	1.53809	24.73145	15.38086
0.24927	1.54297	24.92676	15.42969
0.25122	1.54907	25.12207	15.49072
0.25513	1.56128	25.51270	15.61279
0.25757	1.56860	25.75684	15.68604
0.25977	1.57471	25.97656	15.74707
0.26221	1.58325	26.22070	15.83252
0.26367	1.58936	26.36719	15.89355
0.26733	1.59790	26.73340	15.97900
0.26904	1.60645	26.90430	16.06445
0.27148	1.61133	27.14844	16.11328
0.27612	1.62231	27.61230	16.22314
0.27686	1.62842	27.68555	16.28418
0.28027	1.63696	28.02734	16.36963
0.28174	1.64185	28.17383	16.41846
0.28442	1.64673	28.44238	16.46729
0.28711	1.65649	28.71094	16.56494
0.28955	1.66138	28.95508	16.61377
0.29224	1.67114	29.22363	16.71143
0.29443	1.68091	29.44336	16.80908
0.29785	1.68701	29.78516	16.87012
0.29907	1.69312	29.90723	16.93115
0.30200	1.70166	30.20020	17.01660
0.30396	1.70654	30.39551	17.06543
0.30713	1.71509	30.71289	17.15088
0.30981	1.72363	30.98145	17.23633
0.31250	1.73096	31.25000	17.30957
0.31421	1.73706	31.42090	17.37061
0.31860	1.74438	31.86035	17.44385
0.31982	1.75537	31.98242	17.55371
0.32178	1.75903	32.17773	17.59033
0.32544	1.76880	32.54395	17.68799
0.32764	1.77490	32.76367	17.74902
0.32983	1.78345	32.98340	17.83447
0.33228	1.79199	33.22754	17.91992
0.33521	1.79810	33.52051	17.98096
0.33667	1.80542	33.66699	18.05420
0.33936	1.81274	33.93555	18.12744
0.34302	1.82007	34.30176	18.20068
0.34521	1.82983	34.52148	18.29834
0.34766	1.83228	34.76563	18.32275
0.34912	1.84082	34.91211	18.40820
0.35303	1.84937	35.30273	18.49365
0.35425	1.85791	35.42480	18.57910
0.35718	1.86523	35.71777	18.65234
0.35889	1.87500	35.88867	18.75000
0.36304	1.88232	36.30371	18.82324
0.36426	1.88721	36.42578	18.87207
