-0.38843	-0.01514	-38.84277	-0.15137
-0.38574	-0.01611	-38.57422	-0.16113
-0.38306	-0.01611	-38.30566	-0.16113
-0.37988	-0.01709	-37.98828	-0.17090
-0.37695	-0.01709	-37.69531	-0.17090
-0.37500	-0.01660	-37.50000	-0.16602
-0.37207	-0.01563	-37.20703	-0.15625
-0.37012	-0.01587	-37.01172	-0.15869
-0.36841	-0.01538	-36.84082	-0.15381
-0.36450	-0.01514	-36.45020	-0.15137
-0.36328	-0.01587	-36.32813	-0.15869
-0.35962	-0.01587	-35.96191	-0.15869
-0.35815	-0.01636	-35.81543	-0.16357
-0.35571	-0.01514	-35.57129	-0.15137
-0.35278	-0.01563	-35.27832	-0.15625
-0.35034	-0.01465	-35.03418	-0.14648
-0.34692	-0.01440	-34.69238	-0.14404
-0.34497	-0.01514	-34.49707	-0.15137
-0.34131	-0.01416	-34.13086	-0.14160
-0.33936	-0.01489	-33.93555	-0.14893
-0.33667	-0.01465	-33.66699	-0.14648
-0.33472	-0.01392	-33.47168	-0.13916
-0.33081	-0.01465	-33.08105	-0.14648
-0.32861	-0.01514	-32.86133	-0.15137
-0.32593	-0.01343	-32.59277	-0.13428
-0.32397	-0.01416	-32.39746	-0.14160
-0.32104	-0.01416	-32.10449	-0.14160
-0.31812	-0.01416	-31.81152	-0.14160
-0.31470	-0.01440	-31.46973	-0.14404
-0.31372	-0.01294	-31.37207	-0.12939
-0.31079	-0.01392	-31.07910	-0.13916
-0.30884	-0.01392	-30.88379	-0.13916
-0.30615	-0.01392	-30.61523	-0.13916
-0.30396	-0.01318	-30.39551	-0.13184
-0.30151	-0.01392	-30.15137	-0.13916
-0.29761	-0.01270	-29.76074	-0.12695
-0.29492	-0.01196	-29.49219	-0.11963
-0.29224	-0.01294	-29.22363	-0.12939
-0.29004	-0.01294	-29.00391	-0.12939
-0.28760	-0.01270	-28.75977	-0.12695
-0.28589	-0.01245	-28.58887	-0.12451
-0.28320	-0.01294	-28.32031	-0.12939
-0.27979	-0.01294	-27.97852	-0.12939
-0.27734	-0.01270	-27.73438	-0.12695
-0.27466	-0.01147	-27.46582	-0.11475
-0.27246	-0.01196	-27.24609	-0.11963
-0.27002	-0.01294	-27.00195	-0.12939
-0.26758	-0.01172	-26.75781	-0.11719
-0.26440	-0.01147	-26.44043	-0.11475
-0.26270	-0.01221	-26.26953	-0.12207
-0.25879	-0.01196	-25.87891	-0.11963
-0.25732	-0.01245	-25.73242	-0.12451
-0.25391	-0.01147	-25.39063	-0.11475
-0.25195	-0.01123	-25.19531	-0.11230
-0.25000	-0.01172	-25.00000	-0.11719
-0.24585	-0.01221	-24.58496	-0.12207
-0.24365	-0.01099	-24.36523	-0.10986
-0.24170	-0.01074	-24.16992	-0.10742
-0.23926	-0.01050	-23.92578	-0.10498
-0.23657	-0.01025	-23.65723	-0.10254
-0.23462	-0.01074	-23.46191	-0.10742
-0.23169	-0.01001	-23.16895	-0.10010
-0.22876	-0.01050	-22.87598	-0.10498
-0.22607	-0.01001	-22.60742	-0.10010
-0.22412	-0.01050	-22.41211	-0.10498
-0.22144	-0.00977	-22.14355	-0.09766
-0.21802	-0.00977	-21.80176	-0.09766
-0.21509	-0.00854	-21.50879	-0.08545
-0.21362	-0.00903	-21.36230	-0.09033
-0.21094	-0.00903	-21.09375	-0.09033
-0.20801	-0.01001	-20.80078	-0.10010
-0.20532	-0.00977	-20.53223	-0.09766
-0.20288	-0.00952	-20.28809	-0.09521
-0.20093	-0.00854	-20.09277	-0.08545
-0.19800	-0.00854	-19.79980	-0.08545
-0.19482	-0.00903	-19.48242	-0.09033
-0.19287	-0.00806	-19.28711	-0.08057
-0.19067	-0.00806	-19.06738	-0.08057
-0.18799	-0.00830	-18.79883	-0.08301
-0.18457	-0.00757	-18.45703	-0.07568
-0.18188	-0.00830	-18.18848	-0.08301
-0.18042	-0.00879	-18.04199	-0.08789
-0.17725	-0.00757	-17.72461	-0.07568
-0.17432	-0.00757	-17.43164	-0.07568
-0.17139	-0.00757	-17.13867	-0.07568
-0.16919	-0.00684	-16.91895	-0.06836
-0.16724	-0.00684	-16.72363	-0.06836
-0.16406	-0.00708	-16.40625	-0.07080
-0.16162	-0.00732	-16.16211	-0.07324
-0.15894	-0.00684	-15.89355	-0.06836
-0.15674	-0.00659	-15.67383	-0.06592
-0.15405	-0.00708	-15.40527	-0.07080
-0.15186	-0.00659	-15.18555	-0.06592
-0.14941	-0.00562	-14.94141	-0.05615
-0.14673	-0.00562	-14.67285	-0.05615
-0.14282	-0.00562	-14.28223	-0.05615
-0.14087	-0.00464	-14.08691	-0.04639
-0.13892	-0.00586	-13.89160	-0.05859
-0.13525	-0.00537	-13.52539	-0.05371
-0.13354	-0.00586	-13.35449	-0.05859
-0.13135	-0.00415	-13.13477	-0.04150
-0.12915	-0.00464	-12.91504	-0.04639
-0.12646	-0.00439	-12.64648	-0.04395
-0.12329	-0.00488	-12.32910	-0.04883
-0.12061	-0.00464	-12.06055	-0.04639
-0.11816	-0.00439	-11.81641	-0.04395
-0.11572	-0.00391	-11.57227	-0.03906
-0.11230	-0.00391	-11.23047	-0.03906
-0.10986	-0.00342	-10.98633	-0.03418
-0.10913	-0.00391	-10.91309	-0.03906
-0.10498	-0.00317	-10.49805	-0.03174
-0.10254	-0.00269	-10.25391	-0.02686
-0.10083	-0.00366	-10.08301	-0.03662
-0.09692	-0.00146	-9.69238	-0.01465
-0.09473	-0.00244	-9.47266	-0.02441
-0.09180	-0.00220	-9.17969	-0.02197
-0.09058	-0.00122	-9.05762	-0.01221
-0.08545	-0.00195	-8.54492	-0.01953
-0.08447	-0.00098	-8.44727	-0.00977
-0.08130	-0.00098	-8.12988	-0.00977
-0.07959	-0.00073	-7.95898	-0.00732
-0.07617	-0.00024	-7.61719	-0.00244
-0.07349	-0.00049	-7.34863	-0.00488
-0.07153	-0.00073	-7.15332	-0.00732
-0.06836	0.00098	-6.83594	0.00977
-0.06616	-0.00024	-6.61621	-0.00244
-0.06372	0.00049	-6.37207	0.00488
-0.06177	0.00098	-6.17676	0.00977
-0.05884	0.00049	-5.88379	0.00488
-0.05664	0.00122	-5.66406	0.01221
-0.05371	0.00195	-5.37109	0.01953
-0.05127	0.00220	-5.12695	0.02197
-0.04858	0.00171	-4.85840	0.01709
-0.04565	0.00244	-4.56543	0.02441
-0.04370	0.00293	-4.37012	0.02930
-0.04150	0.00293	-4.15039	0.02930
-0.03784	0.00317	-3.78418	0.03174
-0.03613	0.00391	-3.61328	0.03906
-0.03369	0.00488	-3.36914	0.04883
-0.03027	0.00537	-3.02734	0.05371
-0.02881	0.00537	-2.88086	0.05371
-0.02490	0.00659	-2.49023	0.06592
-0.02295	0.00610	-2.29492	0.06104
-0.01978	0.00684	-1.97754	0.06836
-0.01733	0.00757	-1.73340	0.07568
-0.01392	0.00732	-1.39160	0.07324
-0.01245	0.00781	-1.24512	0.07813
-0.01025	0.00952	-1.02539	0.09521
-0.00757	0.01050	-0.75684	0.10498
-0.00439	0.01050	-0.43945	0.10498
-0.00269	0.01294	-0.26855	0.12939
-0.00024	0.01904	-0.02441	0.19043
0.00220	0.02808	0.21973	0.28076
0.00439	0.03467	0.43945	0.34668
0.00708	0.04102	0.70801	0.41016
0.01025	0.04663	1.02539	0.46631
0.01294	0.05249	1.29395	0.52490
0.01489	0.05664	1.48926	0.56641
0.01880	0.06201	1.87988	0.62012
0.02075	0.06421	2.07520	0.64209
0.02344	0.06909	2.34375	0.69092
0.02515	0.07227	2.51465	0.72266
0.02832	0.07617	2.83203	0.76172
0.03027	0.07861	3.02734	0.78613
0.03296	0.08276	3.29590	0.82764
0.03564	0.08813	3.56445	0.88135
0.03833	0.08862	3.83301	0.88623
0.04053	0.09326	4.05273	0.93262
0.04272	0.09546	4.27246	0.95459
0.04614	0.09961	4.61426	0.99609
0.04810	0.09985	4.80957	0.99854
0.05127	0.10278	5.12695	1.02783
0.05298	0.10425	5.29785	1.04248
0.05566	0.10962	5.56641	1.09619
0.05811	0.11108	5.81055	1.11084
0.06177	0.11304	6.17676	1.13037
0.06372	0.11694	6.37207	1.16943
0.06592	0.11694	6.59180	1.16943
0.06812	0.11914	6.81152	1.19141
0.07275	0.12061	7.27539	1.20605
0.07446	0.12524	7.44629	1.25244
0.07690	0.12646	7.69043	1.26465
0.07935	0.13037	7.93457	1.30371
0.08130	0.12988	8.12988	1.29883
0.08496	0.13208	8.49609	1.32080
0.08691	0.13281	8.69141	1.32813
0.08936	0.13623	8.93555	1.36230
0.09180	0.13818	9.17969	1.38184
0.09399	0.13745	9.39941	1.37451
0.09668	0.14087	9.66797	1.40869
0.09888	0.14648	9.88770	1.46484
0.10181	0.14478	10.18066	1.44775
0.10400	0.14819	10.40039	1.48193
0.10840	0.15112	10.83984	1.51123
0.10962	0.15112	10.96191	1.51123
0.11182	0.15869	11.18164	1.58691
0.11426	0.15552	11.42578	1.55518
0.11768	0.15991	11.76758	1.59912
0.12012	0.15796	12.01172	1.57959
0.12207	0.16382	12.20703	1.63818
0.12524	0.16699	12.52441	1.66992
0.12744	0.16382	12.74414	1.63818
0.12988	0.16626	12.98828	1.66260
0.13257	0.16846	13.25684	1.68457
0.13525	0.16992	13.52539	1.69922
0.13770	0.17212	13.76953	1.72119
0.14038	0.17456	14.03809	1.74561
0.14233	0.17651	14.23340	1.76514
0.14575	0.17798	14.57520	1.77979
0.14697	0.18042	14.69727	1.80420
0.15112	0.18164	15.11230	1.81641
0.15381	0.18555	15.38086	1.85547
0.15576	0.18384	15.57617	1.83838
0.15796	0.18433	15.79590	1.84326
0.16138	0.18896	16.13770	1.88965
0.16382	0.18896	16.38184	1.88965
0.16553	0.19019	16.55273	1.90186
0.16797	0.19214	16.79688	1.92139
0.17163	0.19336	17.16309	1.93359
0.17432	0.19629	17.43164	1.96289
0.17651	0.20093	17.65137	2.00928
0.17847	0.20142	17.84668	2.01416
0.18164	0.20264	18.16406	2.02637
0.18384	0.20435	18.38379	2.04346
0.18652	0.20703	18.65234	2.07031
0.18970	0.20776	18.96973	2.07764
0.19116	0.20435	19.11621	2.04346
0.19409	0.20825	19.40918	2.08252
0.19580	0.21118	19.58008	2.11182
0.19849	0.21021	19.84863	2.10205
0.20215	0.21411	20.21484	2.14111
0.20459	0.21606	20.45898	2.16064
0.20679	0.21826	20.67871	2.18262
0.20850	0.21973	20.84961	2.19727
0.21167	0.22363	21.16699	2.23633
0.21484	0.22046	21.48438	2.20459
0.21704	0.22217	21.70410	2.22168
0.21924	0.22510	21.92383	2.25098
0.22192	0.22534	22.19238	2.25342
0.22461	0.22876	22.46094	2.28760
0.22729	0.23022	22.72949	2.30225
0.23022	0.22998	23.02246	2.29980
0.23218	0.23096	23.21777	2.30957
0.23486	0.23193	23.48633	2.31934
0.23657	0.22876	23.65723	2.28760
0.23975	0.23926	23.97461	2.39258
0.24268	0.23926	24.26758	2.39258
0.24561	0.24316	24.56055	2.43164
0.24658	0.23926	24.65820	2.39258
0.25073	0.24121	25.07324	2.41211
0.25195	0.24219	25.19531	2.42188
0.25610	0.24536	25.61035	2.45361
0.25854	0.24561	25.85449	2.45605
0.26074	0.24365	26.07422	2.43652
0.26270	0.24634	26.26953	2.46338
0.26611	0.25024	26.61133	2.50244
0.26807	0.25195	26.80664	2.51953
0.27026	0.25366	27.02637	2.53662
0.27271	0.25439	27.27051	2.54395
0.27637	0.25488	27.63672	2.54883
0.27881	0.25610	27.88086	2.56104
0.28076	0.25659	28.07617	2.56592
0.28418	0.25854	28.41797	2.58545
0.28516	0.26343	28.51563	2.63428
0.28906	0.26294	28.90625	2.62939
0.29053	0.26611	29.05273	2.66113
0.29395	0.26489	29.39453	2.64893
0.29565	0.27271	29.56543	2.72705
0.29785	0.26782	29.78516	2.67822
0.30151	0.27271	30.15137	2.72705
0.30420	0.26831	30.41992	2.68311
0.30688	0.27100	30.68848	2.70996
0.30957	0.27563	30.95703	2.75635
0.31152	0.27783	31.15234	2.77832
0.31348	0.27295	31.34766	2.72949
0.31763	0.27710	31.76270	2.77100
0.32031	0.28125	32.03125	2.81250
0.32202	0.28174	32.20215	2.81738
0.32495	0.27808	32.49512	2.78076
0.32715	0.28345	32.71484	2.83447
0.32910	0.28271	32.91016	2.82715
0.33228	0.28491	33.22754	2.84912
0.33423	0.28491	33.42285	2.84912
0.33691	0.28467	33.69141	2.84668
0.33911	0.28564	33.91113	2.85645
0.34155	0.28784	34.15527	2.87842
0.34521	0.28882	34.52148	2.88818
0.34717	0.29004	34.71680	2.90039
0.34985	0.29492	34.98535	2.94922
0.35303	0.29492	35.30273	2.94922
0.35596	0.29736	35.59570	2.97363
0.35815	0.29541	35.81543	2.95410
0.36133	0.29956	36.13281	2.99561
0.36353	0.30225	36.35254	3.02246
0.36523	0.29932	36.52344	2.99316
0.36792	0.29907	36.79199	2.99072
0.37061	0.30200	37.06055	3.02002
0.37378	0.31079	37.37793	3.10791
0.37622	0.30078	37.62207	3.00781
0.37866	0.30493	37.86621	3.04932
0.38037	0.30444	38.03711	3.04443
