-0.38867	-0.02563	-38.86719	-0.25635
-0.38599	-0.02563	-38.59863	-0.25635
-0.38428	-0.02563	-38.42773	-0.25635
-0.38135	-0.02319	-38.13477	-0.23193
-0.37842	-0.02441	-37.84180	-0.24414
-0.37622	-0.02563	-37.62207	-0.25635
-0.37354	-0.02441	-37.35352	-0.24414
-0.37061	-0.02441	-37.06055	-0.24414
-0.36938	-0.02441	-36.93848	-0.24414
-0.36572	-0.02441	-36.57227	-0.24414
-0.36255	-0.02319	-36.25488	-0.23193
-0.36060	-0.02441	-36.05957	-0.24414
-0.35840	-0.02319	-35.83984	-0.23193
-0.35522	-0.02441	-35.52246	-0.24414
-0.35352	-0.02197	-35.35156	-0.21973
-0.34937	-0.02319	-34.93652	-0.23193
-0.34766	-0.02319	-34.76563	-0.23193
-0.34521	-0.02319	-34.52148	-0.23193
-0.34204	-0.02319	-34.20410	-0.23193
-0.33936	-0.02319	-33.93555	-0.23193
-0.33765	-0.02319	-33.76465	-0.23193
-0.33447	-0.02197	-33.44727	-0.21973
-0.33301	-0.02197	-33.30078	-0.21973
-0.33008	-0.02197	-33.00781	-0.21973
-0.32617	-0.02197	-32.61719	-0.21973
-0.32397	-0.02197	-32.39746	-0.21973
-0.32227	-0.02197	-32.22656	-0.21973
-0.32031	-0.02197	-32.03125	-0.21973
-0.31689	-0.02319	-31.68945	-0.23193
-0.31396	-0.02197	-31.39648	-0.21973
-0.31128	-0.02197	-31.12793	-0.21973
-0.30957	-0.02075	-30.95703	-0.20752
-0.30640	-0.02075	-30.63965	-0.20752
-0.30371	-0.02075	-30.37109	-0.20752
-0.30127	-0.02197	-30.12695	-0.21973
-0.29858	-0.02075	-29.85840	-0.20752
-0.29614	-0.02075	-29.61426	-0.20752
-0.29370	-0.02075	-29.37012	-0.20752
-0.29126	-0.02197	-29.12598	-0.21973
-0.28784	-0.02075	-28.78418	-0.20752
-0.28687	-0.02075	-28.68652	-0.20752
-0.28418	-0.02075	-28.41797	-0.20752
-0.27979	-0.01953	-27.97852	-0.19531
-0.27734	-0.02075	-27.73438	-0.20752
-0.27588	-0.02075	-27.58789	-0.20752
-0.27197	-0.01953	-27.19727	-0.19531
-0.27051	-0.01953	-27.05078	-0.19531
-0.26782	-0.01953	-26.78223	-0.19531
-0.26587	-0.01953	-26.58691	-0.19531
-0.26416	-0.01953	-26.41602	-0.19531
-0.25952	-0.01831	-25.95215	-0.18311
-0.25659	-0.01953	-25.65918	-0.19531
-0.25488	-0.01953	-25.48828	-0.19531
-0.25293	-0.01953	-25.29297	-0.19531
-0.25073	-0.01831	-25.07324	-0.18311
-0.24707	-0.01831	-24.70703	-0.18311
-0.24414	-0.01831	-24.41406	-0.18311
-0.24292	-0.01831	-24.29199	-0.18311
-0.23950	-0.01831	-23.95020	-0.18311
-0.23682	-0.01709	-23.68164	-0.17090
-0.23560	-0.01709	-23.55957	-0.17090
-0.23071	-0.01709	-23.07129	-0.17090
-0.22949	-0.01831	-22.94922	-0.18311
-0.22607	-0.01709	-22.60742	-0.17090
-0.22510	-0.01709	-22.50977	-0.17090
-0.22168	-0.01709	-22.16797	-0.17090
-0.21899	-0.01709	-21.89941	-0.17090
-0.21680	-0.01587	-21.67969	-0.15869
-0.21484	-0.01709	-21.48438	-0.17090
-0.21094	-0.01587	-21.09375	-0.15869
-0.20996	-0.01709	-20.99609	-0.17090
-0.20532	-0.01587	-20.53223	-0.15869
-0.20264	-0.01709	-20.26367	-0.17090
-0.20190	-0.01587	-20.19043	-0.15869
-0.19751	-0.01587	-19.75098	-0.15869
-0.19580	-0.01587	-19.58008	-0.15869
-0.19336	-0.01465	-19.33594	-0.14648
-0.19092	-0.01587	-19.09180	-0.15869
-0.18872	-0.01465	-18.87207	-0.14648
-0.18530	-0.01587	-18.53027	-0.15869
-0.18286	-0.01587	-18.28613	-0.15869
-0.18091	-0.01465	-18.09082	-0.14648
-0.17676	-0.01465	-17.67578	-0.14648
-0.17554	-0.01587	-17.55371	-0.15869
-0.17310	-0.01465	-17.30957	-0.14648
-0.17065	-0.01465	-17.06543	-0.14648
-0.16846	-0.01343	-16.84570	-0.13428
-0.16528	-0.01343	-16.52832	-0.13428
-0.16260	-0.01465	-16.25977	-0.14648
-0.15942	-0.01465	-15.94238	-0.14648
-0.15698	-0.01343	-15.69824	-0.13428
-0.15405	-0.01343	-15.40527	-0.13428
-0.15259	-0.01343	-15.25879	-0.13428
-0.14893	-0.01221	-14.89258	-0.12207
-0.14746	-0.01343	-14.74609	-0.13428
-0.14380	-0.01221	-14.37988	-0.12207
-0.14160	-0.01221	-14.16016	-0.12207
-0.13965	-0.01221	-13.96484	-0.12207
-0.13696	-0.01221	-13.69629	-0.12207
-0.13501	-0.01221	-13.50098	-0.12207
-0.13184	-0.01221	-13.18359	-0.12207
-0.12891	-0.01221	-12.89063	-0.12207
-0.12646	-0.01099	-12.64648	-0.10986
-0.12354	-0.01221	-12.35352	-0.12207
-0.12109	-0.01099	-12.10938	-0.10986
-0.11865	-0.01221	-11.86523	-0.12207
-0.11572	-0.01099	-11.57227	-0.10986
-0.11401	-0.00977	-11.40137	-0.09766
-0.11108	-0.00977	-11.10840	-0.09766
-0.10815	-0.01099	-10.81543	-0.10986
-0.10474	-0.00977	-10.47363	-0.09766
-0.10254	-0.00977	-10.25391	-0.09766
-0.10107	-0.00977	-10.10742	-0.09766
-0.09839	-0.00977	-9.83887	-0.09766
-0.09546	-0.00977	-9.54590	-0.09766
-0.09180	-0.00854	-9.17969	-0.08545
-0.09082	-0.00977	-9.08203	-0.09766
-0.08740	-0.00732	-8.74023	-0.07324
-0.08472	-0.00854	-8.47168	-0.08545
-0.08203	-0.00732	-8.20313	-0.07324
-0.07983	-0.00732	-7.98340	-0.07324
-0.07739	-0.00732	-7.73926	-0.07324
-0.07495	-0.00732	-7.49512	-0.07324
-0.07104	-0.00732	-7.10449	-0.07324
-0.06958	-0.00610	-6.95801	-0.06104
-0.06763	-0.00610	-6.76270	-0.06104
-0.06494	-0.00610	-6.49414	-0.06104
-0.06152	-0.00488	-6.15234	-0.04883
-0.06006	-0.00366	-6.00586	-0.03662
-0.05713	-0.00488	-5.71289	-0.04883
-0.05469	-0.00366	-5.46875	-0.03662
-0.05151	-0.00366	-5.15137	-0.03662
-0.04932	-0.00122	-4.93164	-0.01221
-0.04663	-0.00122	-4.66309	-0.01221
-0.04370	-0.00122	-4.37012	-0.01221
-0.04102	-0.00122	-4.10156	-0.01221
-0.03955	0.00122	-3.95508	0.01221
-0.03638	0.00122	-3.63770	0.01221
-0.03369	0.00244	-3.36914	0.02441
-0.03052	0.00366	-3.05176	0.03662
-0.02930	0.00366	-2.92969	0.03662
-0.02637	0.00610	-2.63672	0.06104
-0.02368	0.00732	-2.36816	0.07324
-0.02100	0.00732	-2.09961	0.07324
-0.01880	0.00977	-1.87988	0.09766
-0.01538	0.01221	-1.53809	0.12207
-0.01392	0.01343	-1.39160	0.13428
-0.01099	0.01831	-1.09863	0.18311
-0.00757	0.02319	-0.75684	0.23193
-0.00464	0.03540	-0.46387	0.35400
-0.00391	0.05127	-0.39063	0.51270
-0.00049	0.07935	-0.04883	0.79346
0.00098	0.13550	0.09766	1.35498
0.00244	0.17700	0.24414	1.77002
0.00488	0.22827	0.48828	2.28271
0.00781	0.26367	0.78125	2.63672
0.01001	0.31006	1.00098	3.10059
0.01245	0.33569	1.24512	3.35693
0.01465	0.36255	1.46484	3.62549
0.01685	0.38452	1.68457	3.84521
0.01880	0.40649	1.87988	4.06494
0.02222	0.42480	2.22168	4.24805
0.02466	0.44312	2.46582	4.43115
0.02588	0.45532	2.58789	4.55322
0.02759	0.46997	2.75879	4.69971
0.03125	0.48706	3.12500	4.87061
0.03369	0.49927	3.36914	4.99268
0.03564	0.51270	3.56445	5.12695
0.03857	0.52368	3.85742	5.23682
0.04126	0.53711	4.12598	5.37109
0.04370	0.54932	4.37012	5.49316
0.04663	0.55908	4.66309	5.59082
0.04785	0.56885	4.78516	5.68848
0.05127	0.57983	5.12695	5.79834
0.05371	0.59082	5.37109	5.90820
0.05664	0.60303	5.66406	6.03027
0.05884	0.61157	5.88379	6.11572
0.06030	0.62134	6.03027	6.21338
0.06372	0.63354	6.37207	6.33545
0.06494	0.64087	6.49414	6.40869
0.06885	0.65186	6.88477	6.51855
0.07007	0.66284	7.00684	6.62842
0.07275	0.67139	7.27539	6.71387
0.07520	0.68115	7.51953	6.81152
0.07764	0.69214	7.76367	6.92139
0.08032	0.70190	8.03223	7.01904
0.08350	0.71045	8.34961	7.10449
0.08496	0.71899	8.49609	7.18994
0.08765	0.72998	8.76465	7.29980
0.09009	0.73853	9.00879	7.38525
0.09302	0.74707	9.30176	7.47070
0.09521	0.75562	9.52148	7.55615
0.09790	0.76294	9.79004	7.62939
0.10034	0.77271	10.03418	7.72705
0.10205	0.78247	10.20508	7.82471
0.10645	0.78979	10.64453	7.89795
0.10864	0.79834	10.86426	7.98340
0.11060	0.80688	11.05957	8.06885
0.11230	0.81421	11.23047	8.14209
0.11548	0.82275	11.54785	8.22754
0.11841	0.83008	11.84082	8.30078
0.12085	0.83862	12.08496	8.38623
0.12231	0.84595	12.23145	8.45947
0.12524	0.85327	12.52441	8.53271
0.12769	0.86060	12.76855	8.60596
0.12964	0.86792	12.96387	8.67920
0.13257	0.87646	13.25684	8.76465
0.13574	0.88379	13.57422	8.83789
0.13818	0.88989	13.81836	8.89893
0.13989	0.89844	13.98926	8.98438
0.14307	0.90698	14.30664	9.06982
0.14526	0.91431	14.52637	9.14307
0.14819	0.92163	14.81934	9.21631
0.15088	0.93018	15.08789	9.30176
0.15283	0.93750	15.28320	9.37500
0.15527	0.94482	15.52734	9.44824
0.15723	0.94971	15.72266	9.49707
0.16040	0.95947	16.04004	9.59473
0.16333	0.96558	16.33301	9.65576
0.16602	0.97412	16.60156	9.74121
0.16846	0.98022	16.84570	9.80225
0.16943	0.98755	16.94336	9.87549
0.17310	0.99609	17.30957	9.96094
0.17554	1.00586	17.55371	10.05859
0.17847	1.01440	17.84668	10.14404
0.18213	1.01929	18.21289	10.19287
0.18359	1.02661	18.35938	10.26611
0.18506	1.03394	18.50586	10.33936
0.18872	1.04126	18.87207	10.41260
0.18970	1.04858	18.96973	10.48584
0.19263	1.05713	19.26270	10.57129
0.19556	1.06323	19.55566	10.63232
0.19800	1.07056	19.79980	10.70557
0.20166	1.07910	20.16602	10.79102
0.20361	1.08521	20.36133	10.85205
0.20508	1.09253	20.50781	10.92529
0.20776	1.09985	20.77637	10.99854
0.20996	1.10352	20.99609	11.03516
0.21338	1.11450	21.33789	11.14502
0.21655	1.12061	21.65527	11.20605
0.21777	1.12793	21.77734	11.27930
0.22095	1.13403	22.09473	11.34033
0.22314	1.14014	22.31445	11.40137
0.22656	1.14624	22.65625	11.46240
0.22754	1.15356	22.75391	11.53564
0.22998	1.15967	22.99805	11.59668
0.23315	1.16577	23.31543	11.65771
0.23608	1.17432	23.60840	11.74316
0.23755	1.18042	23.75488	11.80420
0.24146	1.18652	24.14551	11.86523
0.24365	1.19263	24.36523	11.92627
0.24561	1.19629	24.56055	11.96289
0.24878	1.20483	24.87793	12.04834
0.25146	1.21216	25.14648	12.12158
0.25342	1.21948	25.34180	12.19482
0.25537	1.22192	25.53711	12.21924
0.25830	1.22925	25.83008	12.29248
0.26123	1.23657	26.12305	12.36572
0.26367	1.24146	26.36719	12.41455
0.26587	1.24512	26.58691	12.45117
0.26782	1.25610	26.78223	12.56104
0.27002	1.26221	27.00195	12.62207
0.27368	1.26831	27.36816	12.68311
0.27612	1.26953	27.61230	12.69531
0.27856	1.27930	27.85645	12.79297
0.28052	1.28296	28.05176	12.82959
0.28345	1.29150	28.34473	12.91504
0.28540	1.29517	28.54004	12.95166
0.28833	1.30127	28.83301	13.01270
0.29150	1.30737	29.15039	13.07373
0.29321	1.31348	29.32129	13.13477
0.29639	1.31958	29.63867	13.19580
0.29858	1.32568	29.85840	13.25684
0.30127	1.33423	30.12695	13.34229
0.30249	1.33911	30.24902	13.39111
0.30615	1.34155	30.61523	13.41553
0.30835	1.35010	30.83496	13.50098
0.31177	1.35498	31.17676	13.54980
0.31372	1.35986	31.37207	13.59863
0.31567	1.36719	31.56738	13.67188
0.31812	1.37207	31.81152	13.72070
0.32007	1.38062	32.00684	13.80615
0.32373	1.38428	32.37305	13.84277
0.32593	1.39282	32.59277	13.92822
0.32861	1.39771	32.86133	13.97705
0.33057	1.40381	33.05664	14.03809
0.33496	1.40747	33.49609	14.07471
0.33618	1.41602	33.61816	14.16016
0.33936	1.42212	33.93555	14.22119
0.34180	1.42700	34.17969	14.27002
0.34399	1.43555	34.39941	14.35547
0.34595	1.44165	34.59473	14.41650
0.34912	1.44775	34.91211	14.47754
0.35083	1.45142	35.08301	14.51416
0.35400	1.45996	35.40039	14.59961
0.35596	1.46362	35.59570	14.63623
0.35938	1.47339	35.93750	14.73389
0.36133	1.47949	36.13281	14.79492
0.36328	1.48315	36.32813	14.83154
0.36646	1.48926	36.64551	14.89258
0.36841	1.49658	36.84082	14.96582
