-0.38818	-0.01465	-38.81836	-0.14648
-0.38696	-0.01465	-38.69629	-0.14648
-0.38574	-0.01465	-38.57422	-0.14648
-0.38452	-0.01343	-38.45215	-0.13428
-0.38086	-0.01587	-38.08594	-0.15869
-0.37964	-0.01465	-37.96387	-0.14648
-0.37842	-0.01587	-37.84180	-0.15869
-0.37476	-0.01465	-37.47559	-0.14648
-0.37354	-0.01465	-37.35352	-0.14648
-0.37109	-0.01465	-37.10938	-0.14648
-0.36987	-0.01465	-36.98730	-0.14648
-0.36743	-0.01465	-36.74316	-0.14648
-0.36621	-0.01343	-36.62109	-0.13428
-0.36377	-0.01465	-36.37695	-0.14648
-0.36255	-0.01465	-36.25488	-0.14648
-0.36133	-0.01343	-36.13281	-0.13428
-0.35889	-0.01465	-35.88867	-0.14648
-0.35522	-0.01465	-35.52246	-0.14648
-0.35400	-0.01465	-35.40039	-0.14648
-0.35278	-0.01343	-35.27832	-0.13428
-0.35034	-0.01343	-35.03418	-0.13428
-0.34790	-0.01465	-34.79004	-0.14648
-0.34546	-0.01343	-34.54590	-0.13428
-0.34424	-0.01343	-34.42383	-0.13428
-0.34302	-0.01343	-34.30176	-0.13428
-0.34180	-0.01343	-34.17969	-0.13428
-0.33936	-0.01343	-33.93555	-0.13428
-0.33691	-0.01343	-33.69141	-0.13428
-0.33569	-0.01343	-33.56934	-0.13428
-0.33325	-0.01343	-33.32520	-0.13428
-0.33081	-0.01343	-33.08105	-0.13428
-0.32959	-0.01343	-32.95898	-0.13428
-0.32837	-0.01343	-32.83691	-0.13428
-0.32471	-0.01343	-32.47070	-0.13428
-0.32349	-0.01343	-32.34863	-0.13428
-0.32104	-0.01221	-32.10449	-0.12207
-0.31982	-0.01221	-31.98242	-0.12207
-0.31860	-0.01221	-31.86035	-0.12207
-0.31738	-0.01221	-31.73828	-0.12207
-0.31494	-0.01343	-31.49414	-0.13428
-0.31250	-0.01221	-31.25000	-0.12207
-0.31006	-0.01221	-31.00586	-0.12207
-0.30762	-0.01221	-30.76172	-0.12207
-0.30762	-0.01221	-30.76172	-0.12207
-0.30518	-0.01221	-30.51758	-0.12207
-0.30396	-0.01221	-30.39551	-0.12207
-0.30151	-0.01099	-30.15137	-0.10986
-0.29907	-0.01099	-29.90723	-0.10986
-0.29785	-0.01221	-29.78516	-0.12207
-0.29419	-0.01221	-29.41895	-0.12207
-0.29297	-0.01221	-29.29688	-0.12207
-0.29175	-0.01099	-29.17480	-0.10986
-0.28931	-0.01221	-28.93066	-0.12207
-0.28687	-0.01099	-28.68652	-0.10986
-0.28564	-0.01099	-28.56445	-0.10986
-0.28320	-0.01221	-28.32031	-0.12207
-0.28198	-0.01099	-28.19824	-0.10986
-0.28076	-0.01099	-28.07617	-0.10986
-0.27710	-0.01099	-27.70996	-0.10986
-0.27466	-0.01099	-27.46582	-0.10986
-0.27344	-0.01099	-27.34375	-0.10986
-0.27222	-0.01221	-27.22168	-0.12207
-0.26978	-0.01221	-26.97754	-0.12207
-0.26855	-0.01099	-26.85547	-0.10986
-0.26489	-0.01099	-26.48926	-0.10986
-0.26367	-0.01099	-26.36719	-0.10986
-0.26245	-0.01099	-26.24512	-0.10986
-0.26123	-0.00977	-26.12305	-0.09766
-0.25757	-0.01099	-25.75684	-0.10986
-0.25513	-0.00977	-25.51270	-0.09766
-0.25391	-0.01099	-25.39063	-0.10986
-0.25269	-0.01099	-25.26855	-0.10986
-0.25024	-0.00977	-25.02441	-0.09766
-0.24902	-0.00977	-24.90234	-0.09766
-0.24536	-0.01099	-24.53613	-0.10986
-0.24536	-0.01099	-24.53613	-0.10986
-0.24292	-0.00977	-24.29199	-0.09766
-0.23926	-0.00977	-23.92578	-0.09766
-0.23804	-0.00977	-23.80371	-0.09766
-0.23682	-0.00977	-23.68164	-0.09766
-0.23560	-0.00977	-23.55957	-0.09766
-0.23315	-0.00977	-23.31543	-0.09766
-0.22949	-0.00977	-22.94922	-0.09766
-0.22949	-0.00854	-22.94922	-0.08545
-0.22705	-0.00854	-22.70508	-0.08545
-0.22583	-0.00854	-22.58301	-0.08545
-0.22339	-0.00854	-22.33887	-0.08545
-0.22217	-0.00977	-22.21680	-0.09766
-0.21973	-0.00977	-21.97266	-0.09766
-0.21729	-0.00977	-21.72852	-0.09766
-0.21606	-0.00977	-21.60645	-0.09766
-0.21362	-0.00977	-21.36230	-0.09766
-0.21118	-0.00854	-21.11816	-0.08545
-0.20996	-0.00977	-20.99609	-0.09766
-0.20752	-0.00977	-20.75195	-0.09766
-0.20630	-0.00977	-20.62988	-0.09766
-0.20386	-0.00854	-20.38574	-0.08545
-0.20264	-0.00854	-20.26367	-0.08545
-0.20142	-0.00854	-20.14160	-0.08545
-0.19897	-0.00854	-19.89746	-0.08545
-0.19653	-0.00854	-19.65332	-0.08545
-0.19409	-0.00732	-19.40918	-0.07324
-0.19287	-0.00854	-19.28711	-0.08545
-0.19043	-0.00854	-19.04297	-0.08545
-0.18921	-0.00732	-18.92090	-0.07324
-0.18677	-0.00732	-18.67676	-0.07324
-0.18555	-0.00732	-18.55469	-0.07324
-0.18311	-0.00732	-18.31055	-0.07324
-0.18066	-0.00610	-18.06641	-0.06104
-0.17944	-0.00732	-17.94434	-0.07324
-0.17700	-0.00732	-17.70020	-0.07324
-0.17578	-0.00732	-17.57813	-0.07324
-0.17334	-0.00854	-17.33398	-0.08545
-0.17090	-0.00732	-17.08984	-0.07324
-0.16968	-0.00732	-16.96777	-0.07324
-0.16724	-0.00732	-16.72363	-0.07324
-0.16602	-0.00732	-16.60156	-0.07324
-0.16357	-0.00732	-16.35742	-0.07324
-0.16113	-0.00732	-16.11328	-0.07324
-0.15991	-0.00854	-15.99121	-0.08545
-0.15747	-0.00732	-15.74707	-0.07324
-0.15625	-0.00732	-15.62500	-0.07324
-0.15381	-0.00732	-15.38086	-0.07324
-0.15137	-0.00610	-15.13672	-0.06104
-0.15015	-0.00732	-15.01465	-0.07324
-0.14771	-0.00610	-14.77051	-0.06104
-0.14648	-0.00610	-14.64844	-0.06104
-0.14404	-0.00610	-14.40430	-0.06104
-0.14160	-0.00610	-14.16016	-0.06104
-0.14038	-0.00610	-14.03809	-0.06104
-0.13794	-0.00610	-13.79395	-0.06104
-0.13550	-0.00732	-13.54980	-0.07324
-0.13550	-0.00732	-13.54980	-0.07324
-0.13184	-0.00610	-13.18359	-0.06104
-0.13184	-0.00732	-13.18359	-0.07324
-0.12939	-0.00610	-12.93945	-0.06104
-0.12695	-0.00610	-12.69531	-0.06104
-0.12573	-0.00610	-12.57324	-0.06104
-0.12329	-0.00610	-12.32910	-0.06104
-0.12207	-0.00610	-12.20703	-0.06104
-0.11841	-0.00488	-11.84082	-0.04883
-0.11597	-0.00488	-11.59668	-0.04883
-0.11597	-0.00610	-11.59668	-0.06104
-0.11230	-0.00610	-11.23047	-0.06104
-0.11108	-0.00488	-11.10840	-0.04883
-0.10864	-0.00488	-10.86426	-0.04883
-0.10620	-0.00488	-10.62012	-0.04883
-0.10620	-0.00366	-10.62012	-0.03662
-0.10254	-0.00488	-10.25391	-0.04883
-0.10254	-0.00610	-10.25391	-0.06104
-0.10010	-0.00488	-10.00977	-0.04883
-0.09766	-0.00488	-9.76563	-0.04883
-0.09644	-0.00610	-9.64355	-0.06104
-0.09399	-0.00488	-9.39941	-0.04883
-0.09155	-0.00610	-9.15527	-0.06104
-0.09033	-0.00488	-9.03320	-0.04883
-0.08911	-0.00366	-8.91113	-0.03662
-0.08667	-0.00366	-8.66699	-0.03662
-0.08301	-0.00488	-8.30078	-0.04883
-0.08301	-0.00488	-8.30078	-0.04883
-0.08057	-0.00366	-8.05664	-0.03662
-0.07935	-0.00488	-7.93457	-0.04883
-0.07690	-0.00366	-7.69043	-0.03662
-0.07446	-0.00366	-7.44629	-0.03662
-0.07324	-0.00366	-7.32422	-0.03662
-0.06958	-0.00366	-6.95801	-0.03662
-0.06836	-0.00366	-6.83594	-0.03662
-0.06714	-0.00366	-6.71387	-0.03662
-0.06348	-0.00366	-6.34766	-0.03662
-0.06348	-0.00366	-6.34766	-0.03662
-0.06226	-0.00366	-6.22559	-0.03662
-0.05981	-0.00366	-5.98145	-0.03662
-0.05737	-0.00366	-5.73730	-0.03662
-0.05615	-0.00366	-5.61523	-0.03662
-0.05371	-0.00366	-5.37109	-0.03662
-0.05127	-0.00244	-5.12695	-0.02441
-0.05005	-0.00366	-5.00488	-0.03662
-0.04639	-0.00244	-4.63867	-0.02441
-0.04517	-0.00366	-4.51660	-0.03662
-0.04395	-0.00244	-4.39453	-0.02441
-0.04272	-0.00122	-4.27246	-0.01221
-0.04028	-0.00244	-4.02832	-0.02441
-0.03784	-0.00244	-3.78418	-0.02441
-0.03540	-0.00244	-3.54004	-0.02441
-0.03418	-0.00122	-3.41797	-0.01221
-0.03174	-0.00122	-3.17383	-0.01221
-0.02930	0.00000	-2.92969	0.00000
-0.02808	-0.00122	-2.80762	-0.01221
-0.02686	0.00000	-2.68555	0.00000
-0.02319	0.00000	-2.31934	0.00000
-0.02197	0.00244	-2.19727	0.02441
-0.02075	0.00244	-2.07520	0.02441
-0.01831	0.00366	-1.83105	0.03662
-0.01709	0.00732	-1.70898	0.07324
-0.01587	0.00977	-1.58691	0.09766
-0.01221	0.01343	-1.22070	0.13428
-0.01099	0.01587	-1.09863	0.15869
-0.00854	0.01587	-0.85449	0.15869
-0.00610	0.01831	-0.61035	0.18311
-0.00488	0.02075	-0.48828	0.20752
-0.00366	0.02197	-0.36621	0.21973
0.00000	0.02319	0.00000	0.23193
0.00000	0.02441	0.00000	0.24414
0.00122	0.02563	0.12207	0.25635
0.00366	0.02686	0.36621	0.26855
0.00610	0.02808	0.61035	0.28076
0.00854	0.02930	0.85449	0.29297
0.00977	0.03174	0.97656	0.31738
0.01221	0.03174	1.22070	0.31738
0.01343	0.03296	1.34277	0.32959
0.01587	0.03296	1.58691	0.32959
0.01709	0.03540	1.70898	0.35400
0.01953	0.03662	1.95313	0.36621
0.02197	0.03662	2.19727	0.36621
0.02319	0.03784	2.31934	0.37842
0.02441	0.03906	2.44141	0.39063
0.02686	0.04028	2.68555	0.40283
0.02930	0.04150	2.92969	0.41504
0.03052	0.04272	3.05176	0.42725
0.03296	0.04272	3.29590	0.42725
0.03540	0.04517	3.54004	0.45166
0.03784	0.04517	3.78418	0.45166
0.03906	0.04517	3.90625	0.45166
0.04028	0.04639	4.02832	0.46387
0.04395	0.04761	4.39453	0.47607
0.04395	0.04883	4.39453	0.48828
0.04761	0.05005	4.76074	0.50049
0.04883	0.05005	4.88281	0.50049
0.05127	0.05249	5.12695	0.52490
0.05371	0.05249	5.37109	0.52490
0.05371	0.05371	5.37109	0.53711
0.05615	0.05371	5.61523	0.53711
0.05859	0.05615	5.85938	0.56152
0.05981	0.05615	5.98145	0.56152
0.06226	0.05859	6.22559	0.58594
0.06470	0.05859	6.46973	0.58594
0.06592	0.05859	6.59180	0.58594
0.06714	0.05981	6.71387	0.59814
0.06958	0.06104	6.95801	0.61035
0.07202	0.06226	7.20215	0.62256
0.07324	0.06348	7.32422	0.63477
0.07568	0.06348	7.56836	0.63477
0.07690	0.06348	7.69043	0.63477
0.07813	0.06470	7.81250	0.64697
0.08179	0.06592	8.17871	0.65918
0.08301	0.06592	8.30078	0.65918
0.08423	0.06836	8.42285	0.68359
0.08667	0.06836	8.66699	0.68359
0.08789	0.06836	8.78906	0.68359
0.09033	0.06958	9.03320	0.69580
0.09277	0.07202	9.27734	0.72021
0.09399	0.07202	9.39941	0.72021
0.09644	0.07324	9.64355	0.73242
0.09888	0.07446	9.88770	0.74463
0.10010	0.07446	10.00977	0.74463
0.10254	0.07568	10.25391	0.75684
0.10254	0.07568	10.25391	0.75684
0.10620	0.07690	10.62012	0.76904
0.10742	0.07813	10.74219	0.78125
0.10986	0.07935	10.98633	0.79346
0.11108	0.08179	11.10840	0.81787
0.11353	0.08057	11.35254	0.80566
0.11597	0.08057	11.59668	0.80566
0.11719	0.08179	11.71875	0.81787
0.11963	0.08301	11.96289	0.83008
0.12085	0.08545	12.08496	0.85449
0.12207	0.08423	12.20703	0.84229
0.12451	0.08545	12.45117	0.85449
0.12817	0.08667	12.81738	0.86670
0.12939	0.08789	12.93945	0.87891
0.13062	0.08789	13.06152	0.87891
0.13306	0.08911	13.30566	0.89111
0.13428	0.09033	13.42773	0.90332
0.13672	0.09155	13.67188	0.91553
0.13916	0.09155	13.91602	0.91553
0.14038	0.09399	14.03809	0.93994
0.14160	0.09399	14.16016	0.93994
0.14526	0.09399	14.52637	0.93994
0.14648	0.09521	14.64844	0.95215
0.14771	0.09766	14.77051	0.97656
0.15015	0.09766	15.01465	0.97656
0.15259	0.09888	15.25879	0.98877
0.15503	0.10010	15.50293	1.00098
0.15747	0.10132	15.74707	1.01318
0.15747	0.10132	15.74707	1.01318
0.15991	0.10376	15.99121	1.03760
0.16235	0.10498	16.23535	1.04980
0.16479	0.10620	16.47949	1.06201
0.16479	0.10742	16.47949	1.07422
0.16724	0.10986	16.72363	1.09863
0.16968	0.10986	16.96777	1.09863
0.17212	0.11230	17.21191	1.12305
0.17456	0.11353	17.45605	1.13525
0.17578	0.11719	17.57813	1.17188
0.17822	0.11719	17.82227	1.17188
0.18066	0.11841	18.06641	1.18408
0.18188	0.12085	18.18848	1.20850
0.18311	0.12329	18.31055	1.23291
0.18433	0.12451	18.43262	1.24512
0.18677	0.12695	18.67676	1.26953
0.18799	0.13184	18.79883	1.31836
