-0.38843	-0.02319	-38.84277	-0.23193
-0.38550	-0.02319	-38.54980	-0.23193
-0.38257	-0.02319	-38.25684	-0.23193
-0.38135	-0.02319	-38.13477	-0.23193
-0.37866	-0.02319	-37.86621	-0.23193
-0.37500	-0.02197	-37.50000	-0.21973
-0.37305	-0.02319	-37.30469	-0.23193
-0.37134	-0.02319	-37.13379	-0.23193
-0.36841	-0.02197	-36.84082	-0.21973
-0.36499	-0.02197	-36.49902	-0.21973
-0.36255	-0.02197	-36.25488	-0.21973
-0.36060	-0.02197	-36.05957	-0.21973
-0.35840	-0.02197	-35.83984	-0.21973
-0.35449	-0.02197	-35.44922	-0.21973
-0.35205	-0.02075	-35.20508	-0.20752
-0.34937	-0.01953	-34.93652	-0.19531
-0.34644	-0.02075	-34.64355	-0.20752
-0.34424	-0.01953	-34.42383	-0.19531
-0.34180	-0.02075	-34.17969	-0.20752
-0.33789	-0.02075	-33.78906	-0.20752
-0.33618	-0.02075	-33.61816	-0.20752
-0.33423	-0.01953	-33.42285	-0.19531
-0.33081	-0.02075	-33.08105	-0.20752
-0.32959	-0.02075	-32.95898	-0.20752
-0.32642	-0.01953	-32.64160	-0.19531
-0.32422	-0.01953	-32.42188	-0.19531
-0.32129	-0.01953	-32.12891	-0.19531
-0.31909	-0.01953	-31.90918	-0.19531
-0.31592	-0.01953	-31.59180	-0.19531
-0.31396	-0.01953	-31.39648	-0.19531
-0.31055	-0.01953	-31.05469	-0.19531
-0.30908	-0.01831	-30.90820	-0.18311
-0.30566	-0.01953	-30.56641	-0.19531
-0.30396	-0.01831	-30.39551	-0.18311
-0.29980	-0.01831	-29.98047	-0.18311
-0.29883	-0.01831	-29.88281	-0.18311
-0.29541	-0.01709	-29.54102	-0.17090
-0.29370	-0.01831	-29.37012	-0.18311
-0.29102	-0.01831	-29.10156	-0.18311
-0.28809	-0.01709	-28.80859	-0.17090
-0.28613	-0.01709	-28.61328	-0.17090
-0.28223	-0.01709	-28.22266	-0.17090
-0.27954	-0.01709	-27.95410	-0.17090
-0.27783	-0.01709	-27.78320	-0.17090
-0.27539	-0.01587	-27.53906	-0.15869
-0.27271	-0.01587	-27.27051	-0.15869
-0.26978	-0.01587	-26.97754	-0.15869
-0.26807	-0.01587	-26.80664	-0.15869
-0.26318	-0.01587	-26.31836	-0.15869
-0.26221	-0.01587	-26.22070	-0.15869
-0.25952	-0.01587	-25.95215	-0.15869
-0.25684	-0.01465	-25.68359	-0.14648
-0.25391	-0.01465	-25.39063	-0.14648
-0.25244	-0.01465	-25.24414	-0.14648
-0.24902	-0.01465	-24.90234	-0.14648
-0.24658	-0.01465	-24.65820	-0.14648
-0.24438	-0.01343	-24.43848	-0.13428
-0.24194	-0.01343	-24.19434	-0.13428
-0.23877	-0.01343	-23.87695	-0.13428
-0.23560	-0.01343	-23.55957	-0.13428
-0.23364	-0.01343	-23.36426	-0.13428
-0.23047	-0.01343	-23.04688	-0.13428
-0.22852	-0.01221	-22.85156	-0.12207
-0.22656	-0.01221	-22.65625	-0.12207
-0.22266	-0.01221	-22.26563	-0.12207
-0.22168	-0.01343	-22.16797	-0.13428
-0.21777	-0.01099	-21.77734	-0.10986
-0.21631	-0.01221	-21.63086	-0.12207
-0.21191	-0.01221	-21.19141	-0.12207
-0.21045	-0.01099	-21.04492	-0.10986
-0.20801	-0.01099	-20.80078	-0.10986
-0.20532	-0.00977	-20.53223	-0.09766
-0.20264	-0.00977	-20.26367	-0.09766
-0.20044	-0.00977	-20.04395	-0.09766
-0.19775	-0.00977	-19.77539	-0.09766
-0.19556	-0.00977	-19.55566	-0.09766
-0.19263	-0.00977	-19.26270	-0.09766
-0.19067	-0.00977	-19.06738	-0.09766
-0.18774	-0.00854	-18.77441	-0.08545
-0.18359	-0.00977	-18.35938	-0.09766
-0.18262	-0.00854	-18.26172	-0.08545
-0.18042	-0.00854	-18.04199	-0.08545
-0.17749	-0.00854	-17.74902	-0.08545
-0.17554	-0.00854	-17.55371	-0.08545
-0.17236	-0.00732	-17.23633	-0.07324
-0.16968	-0.00732	-16.96777	-0.07324
-0.16650	-0.00610	-16.65039	-0.06104
-0.16504	-0.00732	-16.50391	-0.07324
-0.16260	-0.00610	-16.25977	-0.06104
-0.15942	-0.00488	-15.94238	-0.04883
-0.15723	-0.00488	-15.72266	-0.04883
-0.15332	-0.00488	-15.33203	-0.04883
-0.15137	-0.00488	-15.13672	-0.04883
-0.14868	-0.00488	-14.86816	-0.04883
-0.14697	-0.00488	-14.69727	-0.04883
-0.14380	-0.00366	-14.37988	-0.03662
-0.14038	-0.00366	-14.03809	-0.03662
-0.13818	-0.00366	-13.81836	-0.03662
-0.13550	-0.00366	-13.54980	-0.03662
-0.13428	-0.00244	-13.42773	-0.02441
-0.13135	-0.00244	-13.13477	-0.02441
-0.12793	-0.00244	-12.79297	-0.02441
-0.12598	-0.00244	-12.59766	-0.02441
-0.12280	-0.00122	-12.28027	-0.01221
-0.12012	0.00000	-12.01172	0.00000
-0.11792	0.00000	-11.79199	0.00000
-0.11548	0.00000	-11.54785	0.00000
-0.11255	0.00000	-11.25488	0.00000
-0.11035	0.00122	-11.03516	0.01221
-0.10791	0.00000	-10.79102	0.00000
-0.10400	0.00122	-10.40039	0.01221
-0.10229	0.00244	-10.22949	0.02441
-0.09961	0.00244	-9.96094	0.02441
-0.09839	0.00244	-9.83887	0.02441
-0.09473	0.00366	-9.47266	0.03662
-0.09229	0.00366	-9.22852	0.03662
-0.08960	0.00488	-8.95996	0.04883
-0.08691	0.00488	-8.69141	0.04883
-0.08423	0.00488	-8.42285	0.04883
-0.08154	0.00610	-8.15430	0.06104
-0.08032	0.00610	-8.03223	0.06104
-0.07715	0.00732	-7.71484	0.07324
-0.07397	0.00732	-7.39746	0.07324
-0.07202	0.00732	-7.20215	0.07324
-0.06885	0.00854	-6.88477	0.08545
-0.06665	0.00977	-6.66504	0.09766
-0.06372	0.00977	-6.37207	0.09766
-0.06201	0.00977	-6.20117	0.09766
-0.05884	0.01221	-5.88379	0.12207
-0.05737	0.01221	-5.73730	0.12207
-0.05347	0.01221	-5.34668	0.12207
-0.05225	0.01343	-5.22461	0.13428
-0.04907	0.01465	-4.90723	0.14648
-0.04590	0.01587	-4.58984	0.15869
-0.04395	0.01709	-4.39453	0.17090
-0.04053	0.01709	-4.05273	0.17090
-0.03784	0.01831	-3.78418	0.18311
-0.03613	0.01953	-3.61328	0.19531
-0.03320	0.02075	-3.32031	0.20752
-0.03101	0.02075	-3.10059	0.20752
-0.02856	0.02197	-2.85645	0.21973
-0.02563	0.02319	-2.56348	0.23193
-0.02393	0.02563	-2.39258	0.25635
-0.01978	0.02686	-1.97754	0.26855
-0.01855	0.02686	-1.85547	0.26855
-0.01563	0.02930	-1.56250	0.29297
-0.01318	0.03052	-1.31836	0.30518
-0.01025	0.03296	-1.02539	0.32959
-0.00757	0.03418	-0.75684	0.34180
-0.00439	0.03662	-0.43945	0.36621
-0.00293	0.03784	-0.29297	0.37842
0.00024	0.04028	0.02441	0.40283
0.00269	0.04272	0.26855	0.42725
0.00464	0.04517	0.46387	0.45166
0.00708	0.04761	0.70801	0.47607
0.01025	0.05127	1.02539	0.51270
0.01318	0.05493	1.31836	0.54932
0.01440	0.05859	1.44043	0.58594
0.01758	0.06470	1.75781	0.64697
0.01953	0.07202	1.95313	0.72021
0.02246	0.08301	2.24609	0.83008
0.02563	0.09155	2.56348	0.91553
0.02759	0.10864	2.75879	1.08643
0.02954	0.13550	2.95410	1.35498
0.03174	0.17578	3.17383	1.75781
0.03491	0.20996	3.49121	2.09961
0.03662	0.23438	3.66211	2.34375
0.03882	0.25269	3.88184	2.52686
0.04199	0.26367	4.19922	2.63672
0.04443	0.28442	4.44336	2.84424
0.04590	0.29785	4.58984	2.97852
0.04858	0.30396	4.85840	3.03955
0.05078	0.30884	5.07813	3.08838
0.05322	0.32471	5.32227	3.24707
0.05615	0.33325	5.61523	3.33252
0.05859	0.34424	5.85938	3.44238
0.06201	0.36011	6.20117	3.60107
0.06421	0.36255	6.42090	3.62549
0.06543	0.37109	6.54297	3.71094
0.06909	0.37720	6.90918	3.77197
0.07129	0.38086	7.12891	3.80859
0.07397	0.39185	7.39746	3.91846
0.07593	0.40405	7.59277	4.04053
0.07788	0.40527	7.78809	4.05273
0.08105	0.41260	8.10547	4.12598
0.08350	0.42603	8.34961	4.26025
0.08667	0.43091	8.66699	4.30908
0.08862	0.43579	8.86230	4.35791
0.09155	0.45288	9.15527	4.52881
0.09375	0.44800	9.37500	4.47998
0.09644	0.45654	9.64355	4.56543
0.09888	0.46753	9.88770	4.67529
0.10059	0.47119	10.05859	4.71191
0.10522	0.47852	10.52246	4.78516
0.10571	0.49194	10.57129	4.91943
0.10840	0.49805	10.83984	4.98047
0.11157	0.50659	11.15723	5.06592
0.11377	0.50781	11.37695	5.07813
0.11548	0.51147	11.54785	5.11475
0.11841	0.52368	11.84082	5.23682
0.12061	0.52124	12.06055	5.21240
0.12402	0.53833	12.40234	5.38330
0.12622	0.54321	12.62207	5.43213
0.12842	0.54321	12.84180	5.43213
0.13110	0.55176	13.11035	5.51758
0.13330	0.55908	13.33008	5.59082
0.13623	0.56274	13.62305	5.62744
0.13867	0.57129	13.86719	5.71289
0.14111	0.57617	14.11133	5.76172
0.14355	0.58350	14.35547	5.83496
0.14624	0.59082	14.62402	5.90820
0.14966	0.58838	14.96582	5.88379
0.15210	0.60059	15.20996	6.00586
0.15332	0.60181	15.33203	6.01807
0.15625	0.62134	15.62500	6.21338
0.15869	0.62012	15.86914	6.20117
0.16138	0.61890	16.13770	6.18896
0.16357	0.62622	16.35742	6.26221
0.16675	0.63354	16.67480	6.33545
0.16870	0.63721	16.87012	6.37207
0.17212	0.65430	17.21191	6.54297
0.17578	0.64697	17.57813	6.46973
0.17676	0.65674	17.67578	6.56738
0.18018	0.65796	18.01758	6.57959
0.18140	0.65552	18.13965	6.55518
0.18408	0.67505	18.40820	6.75049
0.18628	0.67261	18.62793	6.72607
0.18872	0.67627	18.87207	6.76270
0.19263	0.68237	19.26270	6.82373
0.19385	0.68970	19.38477	6.89697
0.19629	0.70557	19.62891	7.05566
0.19971	0.70557	19.97070	7.05566
0.20166	0.70435	20.16602	7.04346
0.20508	0.70801	20.50781	7.08008
0.20752	0.72388	20.75195	7.23877
0.20898	0.72021	20.89844	7.20215
0.21362	0.73364	21.36230	7.33643
0.21484	0.73120	21.48438	7.31201
0.21802	0.74951	21.80176	7.49512
0.21924	0.74585	21.92383	7.45850
0.22192	0.75317	22.19238	7.53174
0.22437	0.75317	22.43652	7.53174
0.22778	0.76172	22.77832	7.61719
0.22974	0.76050	22.97363	7.60498
0.23218	0.77026	23.21777	7.70264
0.23413	0.77881	23.41309	7.78809
0.23804	0.79224	23.80371	7.92236
0.23975	0.78369	23.97461	7.83691
0.24243	0.79590	24.24316	7.95898
0.24609	0.78613	24.60938	7.86133
0.24780	0.79956	24.78027	7.99561
0.25073	0.80688	25.07324	8.06885
0.25293	0.80933	25.29297	8.09326
0.25513	0.82275	25.51270	8.22754
0.25757	0.82886	25.75684	8.28857
0.25952	0.82275	25.95215	8.22754
0.26245	0.82153	26.24512	8.21533
0.26514	0.82764	26.51367	8.27637
0.26709	0.83496	26.70898	8.34961
0.27002	0.83984	27.00195	8.39844
0.27222	0.84961	27.22168	8.49609
0.27515	0.85327	27.51465	8.53271
0.27832	0.85815	27.83203	8.58154
0.28027	0.85815	28.02734	8.58154
0.28369	0.86426	28.36914	8.64258
0.28540	0.88379	28.54004	8.83789
0.28784	0.88257	28.78418	8.82568
0.29053	0.86914	29.05273	8.69141
0.29321	0.88013	29.32129	8.80127
0.29565	0.89722	29.56543	8.97217
0.29834	0.89844	29.83398	8.98438
0.30029	0.89355	30.02930	8.93555
0.30298	0.89722	30.29785	8.97217
0.30591	0.90210	30.59082	9.02100
0.30859	0.91187	30.85938	9.11865
0.31006	0.91309	31.00586	9.13086
0.31274	0.91797	31.27441	9.17969
0.31616	0.92651	31.61621	9.26514
0.31860	0.93384	31.86035	9.33838
0.32007	0.93384	32.00684	9.33838
0.32300	0.92651	32.29980	9.26514
0.32617	0.93140	32.61719	9.31396
0.32837	0.94971	32.83691	9.49707
0.33057	0.94604	33.05664	9.46045
0.33325	0.95947	33.32520	9.59473
0.33594	0.95825	33.59375	9.58252
0.33789	0.96924	33.78906	9.69238
0.34082	0.96436	34.08203	9.64355
0.34302	0.98267	34.30176	9.82666
0.34644	0.97412	34.64355	9.74121
0.34839	0.99243	34.83887	9.92432
0.35156	0.98877	35.15625	9.88770
0.35474	0.98633	35.47363	9.86328
0.35693	0.99854	35.69336	9.98535
0.35864	0.99487	35.86426	9.94873
0.36084	0.99854	36.08398	9.98535
0.36450	1.00586	36.45020	10.05859
0.36670	1.00464	36.66992	10.04639
0.36841	1.02173	36.84082	10.21729
0.37183	1.02905	37.18262	10.29053
0.37476	1.02783	37.47559	10.27832
