-0.38818	-0.02930	-38.81836	-0.29297
-0.38696	-0.02930	-38.69629	-0.29297
-0.38574	-0.02930	-38.57422	-0.29297
-0.38452	-0.02930	-38.45215	-0.29297
-0.37964	-0.02930	-37.96387	-0.29297
-0.38086	-0.02930	-38.08594	-0.29297
-0.37842	-0.02930	-37.84180	-0.29297
-0.37598	-0.02930	-37.59766	-0.29297
-0.37354	-0.02930	-37.35352	-0.29297
-0.37231	-0.02686	-37.23145	-0.26855
-0.37109	-0.02930	-37.10938	-0.29297
-0.36865	-0.02930	-36.86523	-0.29297
-0.36621	-0.02686	-36.62109	-0.26855
-0.36377	-0.02930	-36.37695	-0.29297
-0.36255	-0.02686	-36.25488	-0.26855
-0.36133	-0.02930	-36.13281	-0.29297
-0.35767	-0.02686	-35.76660	-0.26855
-0.35645	-0.02686	-35.64453	-0.26855
-0.35522	-0.02686	-35.52246	-0.26855
-0.35278	-0.02930	-35.27832	-0.29297
-0.35034	-0.02686	-35.03418	-0.26855
-0.34790	-0.02686	-34.79004	-0.26855
-0.34668	-0.02686	-34.66797	-0.26855
-0.34424	-0.02686	-34.42383	-0.26855
-0.34302	-0.02686	-34.30176	-0.26855
-0.34180	-0.02686	-34.17969	-0.26855
-0.33936	-0.02686	-33.93555	-0.26855
-0.33813	-0.02686	-33.81348	-0.26855
-0.33569	-0.02686	-33.56934	-0.26855
-0.33325	-0.02686	-33.32520	-0.26855
-0.33081	-0.02686	-33.08105	-0.26855
-0.32837	-0.02686	-32.83691	-0.26855
-0.32715	-0.02686	-32.71484	-0.26855
-0.32593	-0.02686	-32.59277	-0.26855
-0.32349	-0.02441	-32.34863	-0.24414
-0.32227	-0.02686	-32.22656	-0.26855
-0.31982	-0.02441	-31.98242	-0.24414
-0.31738	-0.02441	-31.73828	-0.24414
-0.31616	-0.02686	-31.61621	-0.26855
-0.31372	-0.02686	-31.37207	-0.26855
-0.31250	-0.02686	-31.25000	-0.26855
-0.31006	-0.02441	-31.00586	-0.24414
-0.30762	-0.02441	-30.76172	-0.24414
-0.30640	-0.02441	-30.63965	-0.24414
-0.30396	-0.02441	-30.39551	-0.24414
-0.30273	-0.02441	-30.27344	-0.24414
-0.30029	-0.02441	-30.02930	-0.24414
-0.29785	-0.02441	-29.78516	-0.24414
-0.29663	-0.02441	-29.66309	-0.24414
-0.29541	-0.02441	-29.54102	-0.24414
-0.29297	-0.02441	-29.29688	-0.24414
-0.29053	-0.02441	-29.05273	-0.24414
-0.28809	-0.02441	-28.80859	-0.24414
-0.28687	-0.02441	-28.68652	-0.24414
-0.28564	-0.02197	-28.56445	-0.21973
-0.28320	-0.02197	-28.32031	-0.21973
-0.28198	-0.02441	-28.19824	-0.24414
-0.27954	-0.02441	-27.95410	-0.24414
-0.27832	-0.02441	-27.83203	-0.24414
-0.27710	-0.02197	-27.70996	-0.21973
-0.27344	-0.02441	-27.34375	-0.24414
-0.27222	-0.02197	-27.22168	-0.21973
-0.26855	-0.02197	-26.85547	-0.21973
-0.26855	-0.02197	-26.85547	-0.21973
-0.26611	-0.02441	-26.61133	-0.24414
-0.26489	-0.02441	-26.48926	-0.24414
-0.26123	-0.02441	-26.12305	-0.24414
-0.26001	-0.02441	-26.00098	-0.24414
-0.25757	-0.02197	-25.75684	-0.21973
-0.25635	-0.02197	-25.63477	-0.21973
-0.25513	-0.02197	-25.51270	-0.21973
-0.25146	-0.02197	-25.14648	-0.21973
-0.25024	-0.02197	-25.02441	-0.21973
-0.24780	-0.02197	-24.78027	-0.21973
-0.24658	-0.02197	-24.65820	-0.21973
-0.24414	-0.02197	-24.41406	-0.21973
-0.24292	-0.02197	-24.29199	-0.21973
-0.24048	-0.02197	-24.04785	-0.21973
-0.23926	-0.02197	-23.92578	-0.21973
-0.23682	-0.02197	-23.68164	-0.21973
-0.23560	-0.02197	-23.55957	-0.21973
-0.23193	-0.02197	-23.19336	-0.21973
-0.23071	-0.02197	-23.07129	-0.21973
-0.22949	-0.02197	-22.94922	-0.21973
-0.22583	-0.02197	-22.58301	-0.21973
-0.22583	-0.02197	-22.58301	-0.21973
-0.22339	-0.02197	-22.33887	-0.21973
-0.22217	-0.01953	-22.21680	-0.19531
-0.22095	-0.02197	-22.09473	-0.21973
-0.21729	-0.01953	-21.72852	-0.19531
-0.21606	-0.02197	-21.60645	-0.21973
-0.21362	-0.01953	-21.36230	-0.19531
-0.21118	-0.01953	-21.11816	-0.19531
-0.20996	-0.01953	-20.99609	-0.19531
-0.20874	-0.01953	-20.87402	-0.19531
-0.20630	-0.01953	-20.62988	-0.19531
-0.20386	-0.01953	-20.38574	-0.19531
-0.20264	-0.01953	-20.26367	-0.19531
-0.20020	-0.01953	-20.01953	-0.19531
-0.19775	-0.01953	-19.77539	-0.19531
-0.19531	-0.01953	-19.53125	-0.19531
-0.19409	-0.01953	-19.40918	-0.19531
-0.19287	-0.01953	-19.28711	-0.19531
-0.19043	-0.01953	-19.04297	-0.19531
-0.18921	-0.01953	-18.92090	-0.19531
-0.18677	-0.01953	-18.67676	-0.19531
-0.18433	-0.01953	-18.43262	-0.19531
-0.18311	-0.01953	-18.31055	-0.19531
-0.18066	-0.01953	-18.06641	-0.19531
-0.17944	-0.01953	-17.94434	-0.19531
-0.17700	-0.01709	-17.70020	-0.17090
-0.17578	-0.01953	-17.57813	-0.19531
-0.17334	-0.01709	-17.33398	-0.17090
-0.16968	-0.01709	-16.96777	-0.17090
-0.16968	-0.01709	-16.96777	-0.17090
-0.16724	-0.01709	-16.72363	-0.17090
-0.16602	-0.01709	-16.60156	-0.17090
-0.16357	-0.01709	-16.35742	-0.17090
-0.16113	-0.01709	-16.11328	-0.17090
-0.15991	-0.01709	-15.99121	-0.17090
-0.15747	-0.01709	-15.74707	-0.17090
-0.15625	-0.01709	-15.62500	-0.17090
-0.15381	-0.01709	-15.38086	-0.17090
-0.15259	-0.01709	-15.25879	-0.17090
-0.15015	-0.01709	-15.01465	-0.17090
-0.14771	-0.01709	-14.77051	-0.17090
-0.14526	-0.01709	-14.52637	-0.17090
-0.14404	-0.01465	-14.40430	-0.14648
-0.14282	-0.01709	-14.28223	-0.17090
-0.14038	-0.01709	-14.03809	-0.17090
-0.13916	-0.01709	-13.91602	-0.17090
-0.13672	-0.01465	-13.67188	-0.14648
-0.13550	-0.01465	-13.54980	-0.14648
-0.13184	-0.01465	-13.18359	-0.14648
-0.12939	-0.01709	-12.93945	-0.17090
-0.12695	-0.01465	-12.69531	-0.14648
-0.12695	-0.01709	-12.69531	-0.17090
-0.12573	-0.01465	-12.57324	-0.14648
-0.12329	-0.01465	-12.32910	-0.14648
-0.12085	-0.01465	-12.08496	-0.14648
-0.11963	-0.01465	-11.96289	-0.14648
-0.11719	-0.01465	-11.71875	-0.14648
-0.11475	-0.01465	-11.47461	-0.14648
-0.11230	-0.01465	-11.23047	-0.14648
-0.11108	-0.01465	-11.10840	-0.14648
-0.10864	-0.01465	-10.86426	-0.14648
-0.10620	-0.01465	-10.62012	-0.14648
-0.10498	-0.01465	-10.49805	-0.14648
-0.10254	-0.01465	-10.25391	-0.14648
-0.10010	-0.01465	-10.00977	-0.14648
-0.10010	-0.01465	-10.00977	-0.14648
-0.09766	-0.01221	-9.76563	-0.12207
-0.09521	-0.01221	-9.52148	-0.12207
-0.09399	-0.01221	-9.39941	-0.12207
-0.09155	-0.01221	-9.15527	-0.12207
-0.08911	-0.01221	-8.91113	-0.12207
-0.08667	-0.01221	-8.66699	-0.12207
-0.08667	-0.01221	-8.66699	-0.12207
-0.08301	-0.01221	-8.30078	-0.12207
-0.08179	-0.01221	-8.17871	-0.12207
-0.08057	-0.01221	-8.05664	-0.12207
-0.07813	-0.00977	-7.81250	-0.09766
-0.07568	-0.01221	-7.56836	-0.12207
-0.07446	-0.01221	-7.44629	-0.12207
-0.07324	-0.01221	-7.32422	-0.12207
-0.06958	-0.01221	-6.95801	-0.12207
-0.06836	-0.00977	-6.83594	-0.09766
-0.06714	-0.00977	-6.71387	-0.09766
-0.06470	-0.00977	-6.46973	-0.09766
-0.06348	-0.00977	-6.34766	-0.09766
-0.06104	-0.00977	-6.10352	-0.09766
-0.05859	-0.00977	-5.85938	-0.09766
-0.05737	-0.00977	-5.73730	-0.09766
-0.05615	-0.00977	-5.61523	-0.09766
-0.05249	-0.00732	-5.24902	-0.07324
-0.05127	-0.00732	-5.12695	-0.07324
-0.04883	-0.00732	-4.88281	-0.07324
-0.04761	-0.00732	-4.76074	-0.07324
-0.04517	-0.00488	-4.51660	-0.04883
-0.04517	-0.00488	-4.51660	-0.04883
-0.04150	-0.00488	-4.15039	-0.04883
-0.03906	-0.00244	-3.90625	-0.02441
-0.03784	-0.00244	-3.78418	-0.02441
-0.03662	0.00000	-3.66211	0.00000
-0.03540	0.00000	-3.54004	0.00000
-0.03296	0.00244	-3.29590	0.02441
-0.03052	0.00488	-3.05176	0.04883
-0.02808	0.00732	-2.80762	0.07324
-0.02563	0.00977	-2.56348	0.09766
-0.02319	0.01465	-2.31934	0.14648
-0.02319	0.01953	-2.31934	0.19531
-0.02075	0.02441	-2.07520	0.24414
-0.01831	0.03174	-1.83105	0.31738
-0.01709	0.03906	-1.70898	0.39063
-0.01587	0.04883	-1.58691	0.48828
-0.01343	0.06836	-1.34277	0.68359
-0.01099	0.08057	-1.09863	0.80566
-0.00977	0.10254	-0.97656	1.02539
-0.00854	0.12451	-0.85449	1.24512
-0.00610	0.15625	-0.61035	1.56250
-0.00488	0.18555	-0.48828	1.85547
-0.00488	0.22217	-0.48828	2.22168
-0.00244	0.26123	-0.24414	2.61230
0.00000	0.31738	0.00000	3.17383
0.00000	0.35889	0.00000	3.58887
0.00244	0.39795	0.24414	3.97949
0.00366	0.46875	0.36621	4.68750
0.00488	0.51270	0.48828	5.12695
0.00610	0.56641	0.61035	5.66406
0.00854	0.60791	0.85449	6.07910
0.00977	0.63721	0.97656	6.37207
0.01099	0.67871	1.09863	6.78711
0.01343	0.71289	1.34277	7.12891
0.01465	0.74707	1.46484	7.47070
0.01709	0.77393	1.70898	7.73926
0.01709	0.79346	1.70898	7.93457
0.01953	0.82275	1.95313	8.22754
0.02197	0.84717	2.19727	8.47168
0.02319	0.86670	2.31934	8.66699
0.02563	0.88379	2.56348	8.83789
0.02686	0.89844	2.68555	8.98438
0.02930	0.91553	2.92969	9.15527
0.03052	0.93262	3.05176	9.32617
0.03174	0.94727	3.17383	9.47266
0.03418	0.96436	3.41797	9.64355
0.03418	0.97656	3.41797	9.76563
0.03784	0.99121	3.78418	9.91211
0.03906	1.01318	3.90625	10.13184
0.04150	1.02539	4.15039	10.25391
0.04272	1.04004	4.27246	10.40039
0.04517	1.05469	4.51660	10.54688
0.04761	1.06689	4.76074	10.66895
0.04761	1.08398	4.76074	10.83984
0.05005	1.09863	5.00488	10.98633
0.05127	1.11084	5.12695	11.10840
0.05371	1.12305	5.37109	11.23047
0.05615	1.13525	5.61523	11.35254
0.05737	1.15479	5.73730	11.54785
0.05981	1.16699	5.98145	11.66992
0.06104	1.17676	6.10352	11.76758
0.06226	1.19141	6.22559	11.91406
0.06470	1.20361	6.46973	12.03613
0.06836	1.21582	6.83594	12.15820
0.06836	1.22803	6.83594	12.28027
0.06958	1.24023	6.95801	12.40234
0.07202	1.25244	7.20215	12.52441
0.07324	1.26221	7.32422	12.62207
0.07568	1.27686	7.56836	12.76855
0.07690	1.28906	7.69043	12.89063
0.07813	1.29883	7.81250	12.98828
0.08057	1.31104	8.05664	13.11035
0.08179	1.32080	8.17871	13.20801
0.08423	1.33301	8.42285	13.33008
0.08545	1.34277	8.54492	13.42773
0.08789	1.35254	8.78906	13.52539
0.09033	1.36475	9.03320	13.64746
0.09033	1.37451	9.03320	13.74512
0.09399	1.38428	9.39941	13.84277
0.09521	1.39648	9.52148	13.96484
0.09766	1.40869	9.76563	14.08691
0.09888	1.41846	9.88770	14.18457
0.10010	1.42822	10.00977	14.28223
0.10376	1.44043	10.37598	14.40430
0.10498	1.44775	10.49805	14.47754
0.10620	1.45752	10.62012	14.57520
0.10864	1.46973	10.86426	14.69727
0.11108	1.47949	11.10840	14.79492
0.11108	1.49170	11.10840	14.91699
0.11353	1.50391	11.35254	15.03906
0.11597	1.51367	11.59668	15.13672
0.11841	1.52344	11.84082	15.23438
0.11963	1.53320	11.96289	15.33203
0.11963	1.54297	11.96289	15.42969
0.12329	1.55518	12.32910	15.55176
0.12451	1.56494	12.45117	15.64941
0.12573	1.57471	12.57324	15.74707
0.12817	1.58691	12.81738	15.86914
0.12939	1.59668	12.93945	15.96680
0.13184	1.60645	13.18359	16.06445
0.13306	1.62109	13.30566	16.21094
0.13550	1.63086	13.54980	16.30859
0.13672	1.64063	13.67188	16.40625
0.13916	1.65039	13.91602	16.50391
0.14038	1.66260	14.03809	16.62598
0.14404	1.67480	14.40430	16.74805
0.14526	1.68457	14.52637	16.84570
0.14526	1.69189	14.52637	16.91895
0.14893	1.70410	14.89258	17.04102
0.15015	1.71631	15.01465	17.16309
0.15259	1.72607	15.25879	17.26074
0.15503	1.73828	15.50293	17.38281
0.15625	1.74805	15.62500	17.48047
0.15747	1.75781	15.74707	17.57813
0.15991	1.77002	15.99121	17.70020
0.16113	1.78223	16.11328	17.82227
0.16357	1.79199	16.35742	17.91992
0.16602	1.80176	16.60156	18.01758
0.16724	1.81396	16.72363	18.13965
0.16846	1.82373	16.84570	18.23730
0.17090	1.83838	17.08984	18.38379
0.17212	1.84814	17.21191	18.48145
