-0.38892	-0.07324	-38.89160	-0.73242
-0.38696	-0.07324	-38.69629	-0.73242
-0.38354	-0.07324	-38.35449	-0.73242
-0.38110	-0.07324	-38.11035	-0.73242
-0.37793	-0.07324	-37.79297	-0.73242
-0.37671	-0.07324	-37.67090	-0.73242
-0.37231	-0.07324	-37.23145	-0.73242
-0.37036	-0.07324	-37.03613	-0.73242
-0.36816	-0.07324	-36.81641	-0.73242
-0.36597	-0.07324	-36.59668	-0.73242
-0.36304	-0.07324	-36.30371	-0.73242
-0.36035	-0.07324	-36.03516	-0.73242
-0.35815	-0.07324	-35.81543	-0.73242
-0.35449	-0.07324	-35.44922	-0.73242
-0.35229	-0.07324	-35.22949	-0.73242
-0.35010	-0.06836	-35.00977	-0.68359
-0.34766	-0.07324	-34.76563	-0.73242
-0.34570	-0.06836	-34.57031	-0.68359
-0.34229	-0.06836	-34.22852	-0.68359
-0.33960	-0.06836	-33.95996	-0.68359
-0.33691	-0.06836	-33.69141	-0.68359
-0.33423	-0.06836	-33.42285	-0.68359
-0.33179	-0.06836	-33.17871	-0.68359
-0.33032	-0.06836	-33.03223	-0.68359
-0.32666	-0.06836	-32.66602	-0.68359
-0.32446	-0.06836	-32.44629	-0.68359
-0.32178	-0.06836	-32.17773	-0.68359
-0.31860	-0.06836	-31.86035	-0.68359
-0.31641	-0.06836	-31.64063	-0.68359
-0.31348	-0.06836	-31.34766	-0.68359
-0.31226	-0.06836	-31.22559	-0.68359
-0.30957	-0.06836	-30.95703	-0.68359
-0.30542	-0.06348	-30.54199	-0.63477
-0.30396	-0.06836	-30.39551	-0.68359
-0.30176	-0.06348	-30.17578	-0.63477
-0.29858	-0.06348	-29.85840	-0.63477
-0.29590	-0.06348	-29.58984	-0.63477
-0.29321	-0.06348	-29.32129	-0.63477
-0.29126	-0.06348	-29.12598	-0.63477
-0.28955	-0.06348	-28.95508	-0.63477
-0.28638	-0.06348	-28.63770	-0.63477
-0.28271	-0.06348	-28.27148	-0.63477
-0.28052	-0.06348	-28.05176	-0.63477
-0.27783	-0.06348	-27.78320	-0.63477
-0.27515	-0.06348	-27.51465	-0.63477
-0.27197	-0.06348	-27.19727	-0.63477
-0.27100	-0.06348	-27.09961	-0.63477
-0.26880	-0.06348	-26.87988	-0.63477
-0.26440	-0.05859	-26.44043	-0.58594
-0.26270	-0.06348	-26.26953	-0.63477
-0.26074	-0.05859	-26.07422	-0.58594
-0.25830	-0.05859	-25.83008	-0.58594
-0.25513	-0.05859	-25.51270	-0.58594
-0.25171	-0.05859	-25.17090	-0.58594
-0.25073	-0.05859	-25.07324	-0.58594
-0.24780	-0.05859	-24.78027	-0.58594
-0.24487	-0.05859	-24.48730	-0.58594
-0.24268	-0.05859	-24.26758	-0.58594
-0.23999	-0.05859	-23.99902	-0.58594
-0.23633	-0.05859	-23.63281	-0.58594
-0.23462	-0.05859	-23.46191	-0.58594
-0.23145	-0.05859	-23.14453	-0.58594
-0.22949	-0.05859	-22.94922	-0.58594
-0.22656	-0.05371	-22.65625	-0.53711
-0.22461	-0.05371	-22.46094	-0.53711
-0.22144	-0.05371	-22.14355	-0.53711
-0.21851	-0.05371	-21.85059	-0.53711
-0.21533	-0.05371	-21.53320	-0.53711
-0.21387	-0.05371	-21.38672	-0.53711
-0.21069	-0.05371	-21.06934	-0.53711
-0.20874	-0.05371	-20.87402	-0.53711
-0.20508	-0.05371	-20.50781	-0.53711
-0.20313	-0.05371	-20.31250	-0.53711
-0.20117	-0.04883	-20.11719	-0.48828
-0.19849	-0.05371	-19.84863	-0.53711
-0.19556	-0.04883	-19.55566	-0.48828
-0.19360	-0.05371	-19.36035	-0.53711
-0.18921	-0.05371	-18.92090	-0.53711
-0.18774	-0.04883	-18.77441	-0.48828
-0.18604	-0.04883	-18.60352	-0.48828
-0.18311	-0.04883	-18.31055	-0.48828
-0.17993	-0.04883	-17.99316	-0.48828
-0.17798	-0.04883	-17.79785	-0.48828
-0.17578	-0.04883	-17.57813	-0.48828
-0.17212	-0.04883	-17.21191	-0.48828
-0.17041	-0.04883	-17.04102	-0.48828
-0.16772	-0.04883	-16.77246	-0.48828
-0.16455	-0.04395	-16.45508	-0.43945
-0.16309	-0.04395	-16.30859	-0.43945
-0.15991	-0.04395	-15.99121	-0.43945
-0.15747	-0.04395	-15.74707	-0.43945
-0.15454	-0.04395	-15.45410	-0.43945
-0.15210	-0.04395	-15.20996	-0.43945
-0.14893	-0.04395	-14.89258	-0.43945
-0.14722	-0.04395	-14.72168	-0.43945
-0.14331	-0.04395	-14.33105	-0.43945
-0.14136	-0.04395	-14.13574	-0.43945
-0.13892	-0.04395	-13.89160	-0.43945
-0.13794	-0.04395	-13.79395	-0.43945
-0.13379	-0.03906	-13.37891	-0.39063
-0.13135	-0.03906	-13.13477	-0.39063
-0.12964	-0.03906	-12.96387	-0.39063
-0.12622	-0.03906	-12.62207	-0.39063
-0.12354	-0.03906	-12.35352	-0.39063
-0.12085	-0.03906	-12.08496	-0.39063
-0.11792	-0.03906	-11.79199	-0.39063
-0.11572	-0.03418	-11.57227	-0.34180
-0.11401	-0.03418	-11.40137	-0.34180
-0.11133	-0.03418	-11.13281	-0.34180
-0.10791	-0.03418	-10.79102	-0.34180
-0.10571	-0.03418	-10.57129	-0.34180
-0.10254	-0.02930	-10.25391	-0.29297
-0.10107	-0.02930	-10.10742	-0.29297
-0.09766	-0.02930	-9.76563	-0.29297
-0.09546	-0.02930	-9.54590	-0.29297
-0.09302	-0.02441	-9.30176	-0.24414
-0.08984	-0.02441	-8.98438	-0.24414
-0.08838	-0.02441	-8.83789	-0.24414
-0.08594	-0.02441	-8.59375	-0.24414
-0.08301	-0.02441	-8.30078	-0.24414
-0.07983	-0.01953	-7.98340	-0.19531
-0.07788	-0.01953	-7.78809	-0.19531
-0.07568	-0.01953	-7.56836	-0.19531
-0.07300	-0.01465	-7.29980	-0.14648
-0.06982	-0.01465	-6.98242	-0.14648
-0.06714	-0.01465	-6.71387	-0.14648
-0.06494	-0.00977	-6.49414	-0.09766
-0.06274	-0.00977	-6.27441	-0.09766
-0.06055	-0.00977	-6.05469	-0.09766
-0.05737	-0.00488	-5.73730	-0.04883
-0.05469	-0.00488	-5.46875	-0.04883
-0.05200	0.00000	-5.20020	0.00000
-0.04980	0.00000	-4.98047	0.00000
-0.04712	0.00488	-4.71191	0.04883
-0.04492	0.00488	-4.49219	0.04883
-0.04248	0.00977	-4.24805	0.09766
-0.03955	0.01465	-3.95508	0.14648
-0.03735	0.01465	-3.73535	0.14648
-0.03418	0.01953	-3.41797	0.19531
-0.03198	0.02441	-3.19824	0.24414
-0.03003	0.02441	-3.00293	0.24414
-0.02686	0.03418	-2.68555	0.34180
-0.02490	0.03906	-2.49023	0.39063
-0.01978	0.04883	-1.97754	0.48828
-0.01904	0.05371	-1.90430	0.53711
-0.01636	0.06348	-1.63574	0.63477
-0.01416	0.07813	-1.41602	0.78125
-0.01123	0.09277	-1.12305	0.92773
-0.00854	0.11719	-0.85449	1.17188
-0.00635	0.14648	-0.63477	1.46484
-0.00415	0.18066	-0.41504	1.80664
-0.00293	0.22461	-0.29297	2.24609
-0.00098	0.29785	-0.09766	2.97852
0.00122	0.36621	0.12207	3.66211
0.00244	0.46875	0.24414	4.68750
0.00391	0.55664	0.39063	5.56641
0.00586	0.69336	0.58594	6.93359
0.00635	0.83008	0.63477	8.30078
0.00806	0.98145	0.80566	9.81445
0.00977	1.12305	0.97656	11.23047
0.01025	1.29883	1.02539	12.98828
0.01050	1.45020	1.04980	14.50195
0.01221	1.66992	1.22070	16.69922
0.01245	1.82129	1.24512	18.21289
0.01392	1.99219	1.39160	19.92188
0.01416	2.19238	1.41602	21.92383
0.01538	2.36816	1.53809	23.68164
0.01587	2.60742	1.58691	26.07422
0.01660	2.76855	1.66016	27.68555
0.01587	2.97363	1.58691	29.73633
0.01807	3.15430	1.80664	31.54297
0.01831	3.35938	1.83105	33.59375
0.01831	3.56934	1.83105	35.69336
0.02002	3.75977	2.00195	37.59766
0.02026	3.88184	2.02637	38.81836
0.02295	4.04785	2.29492	40.47852
0.02271	4.15039	2.27051	41.50391
0.02441	4.26758	2.44141	42.67578
0.02612	4.36523	2.61230	43.65234
0.02783	4.43359	2.78320	44.33594
0.03027	4.53125	3.02734	45.31250
0.03198	4.59473	3.19824	45.94727
0.03442	4.67773	3.44238	46.77734
0.03491	4.74121	3.49121	47.41211
0.03784	4.79980	3.78418	47.99805
0.04004	4.86816	4.00391	48.68164
0.04199	4.94141	4.19922	49.41406
0.04346	4.99512	4.34570	49.95117
0.04541	5.05859	4.54102	50.58594
0.04810	5.09766	4.80957	50.97656
0.05005	5.15625	5.00488	51.56250
0.05127	5.21973	5.12695	52.19727
0.05420	5.26367	5.41992	52.63672
0.05566	5.32715	5.56641	53.27148
0.05762	5.36621	5.76172	53.66211
0.05908	5.42480	5.90820	54.24805
0.06201	5.47852	6.20117	54.78516
0.06494	5.52734	6.49414	55.27344
0.06689	5.57129	6.68945	55.71289
0.06763	5.62012	6.76270	56.20117
0.07056	5.66406	7.05566	56.64063
0.07324	5.72266	7.32422	57.22656
0.07397	5.75684	7.39746	57.56836
0.07739	5.80078	7.73926	58.00781
0.07837	5.84473	7.83691	58.44727
0.08130	5.88379	8.12988	58.83789
0.08276	5.93750	8.27637	59.37500
0.08594	5.97168	8.59375	59.71680
0.08838	6.01074	8.83789	60.10742
0.08911	6.05957	8.91113	60.59570
0.09253	6.09375	9.25293	60.93750
0.09473	6.14258	9.47266	61.42578
0.09692	6.18652	9.69238	61.86523
0.09766	6.21094	9.76563	62.10938
0.10132	6.26465	10.13184	62.64648
0.10400	6.29395	10.40039	62.93945
0.10498	6.34277	10.49805	63.42773
0.10693	6.38184	10.69336	63.81836
0.10889	6.41113	10.88867	64.11133
0.11206	6.45996	11.20605	64.59961
0.11279	6.46973	11.27930	64.69727
0.11597	6.46973	11.59668	64.69727
0.11938	6.47461	11.93848	64.74609
0.12134	6.46973	12.13379	64.69727
0.12183	6.47461	12.18262	64.74609
0.12427	6.47461	12.42676	64.74609
0.12744	6.47461	12.74414	64.74609
0.13013	6.48438	13.01270	64.84375
0.13208	6.48926	13.20801	64.89258
0.13281	6.49902	13.28125	64.99023
0.13574	6.50391	13.57422	65.03906
0.13818	6.50879	13.81836	65.08789
0.14014	6.50391	14.01367	65.03906
0.14282	6.49902	14.28223	64.99023
0.14526	6.50879	14.52637	65.08789
0.14673	6.49902	14.67285	64.99023
0.14868	6.50391	14.86816	65.03906
0.15112	6.50391	15.11230	65.03906
0.15405	6.50391	15.40527	65.03906
0.15601	6.50391	15.60059	65.03906
0.15820	6.50391	15.82031	65.03906
0.16064	6.50391	16.06445	65.03906
0.16309	6.50391	16.30859	65.03906
0.16553	6.50879	16.55273	65.08789
0.16675	6.51367	16.67480	65.13672
0.16919	6.51367	16.91895	65.13672
0.17139	6.50879	17.13867	65.08789
0.17383	6.50879	17.38281	65.08789
0.17529	6.50391	17.52930	65.03906
0.17847	6.50391	17.84668	65.03906
0.18042	6.50879	18.04199	65.08789
0.18359	6.50879	18.35938	65.08789
0.18530	6.50879	18.53027	65.08789
0.18799	6.50879	18.79883	65.08789
0.18896	6.51367	18.89648	65.13672
0.19238	6.50879	19.23828	65.08789
0.19531	6.50879	19.53125	65.08789
0.19653	6.51367	19.65332	65.13672
0.19946	6.50879	19.94629	65.08789
0.20044	6.50391	20.04395	65.03906
0.20386	6.50879	20.38574	65.08789
0.20557	6.50879	20.55664	65.08789
0.20874	6.51367	20.87402	65.13672
0.20996	6.50391	20.99609	65.03906
0.21313	6.51367	21.31348	65.13672
0.21484	6.51367	21.48438	65.13672
0.21729	6.51367	21.72852	65.13672
0.21997	6.50391	21.99707	65.03906
0.22119	6.50879	22.11914	65.08789
0.22314	6.50879	22.31445	65.08789
0.22559	6.51367	22.55859	65.13672
0.22900	6.51367	22.90039	65.13672
0.23022	6.50879	23.02246	65.08789
0.23291	6.51367	23.29102	65.13672
0.23560	6.51367	23.55957	65.13672
0.23779	6.51367	23.77930	65.13672
0.23999	6.50879	23.99902	65.08789
0.24194	6.51367	24.19434	65.13672
0.24390	6.51367	24.38965	65.13672
0.24756	6.50879	24.75586	65.08789
0.24976	6.50879	24.97559	65.08789
0.25195	6.51367	25.19531	65.13672
0.25317	6.50879	25.31738	65.08789
0.25537	6.50391	25.53711	65.03906
0.25854	6.51367	25.85449	65.13672
0.26123	6.51367	26.12305	65.13672
0.26343	6.50391	26.34277	65.03906
0.26465	6.50391	26.46484	65.03906
0.26733	6.50879	26.73340	65.08789
0.26978	6.51367	26.97754	65.13672
0.27271	6.50391	27.27051	65.03906
0.27368	6.50391	27.36816	65.03906
0.27637	6.50879	27.63672	65.08789
0.27930	6.50879	27.92969	65.08789
0.28198	6.50879	28.19824	65.08789
0.28418	6.50879	28.41797	65.08789
0.28589	6.50879	28.58887	65.08789
0.28857	6.51367	28.85742	65.13672
0.29004	6.50391	29.00391	65.03906
0.29272	6.51367	29.27246	65.13672
0.29565	6.50879	29.56543	65.08789
