-0.38916	-0.03906	-38.91602	-0.39063
-0.38721	-0.03906	-38.72070	-0.39063
-0.38477	-0.03906	-38.47656	-0.39063
-0.38159	-0.03906	-38.15918	-0.39063
-0.37891	-0.03662	-37.89063	-0.36621
-0.37695	-0.03662	-37.69531	-0.36621
-0.37402	-0.03662	-37.40234	-0.36621
-0.37134	-0.03662	-37.13379	-0.36621
-0.36987	-0.03662	-36.98730	-0.36621
-0.36670	-0.03662	-36.66992	-0.36621
-0.36426	-0.03662	-36.42578	-0.36621
-0.36035	-0.03662	-36.03516	-0.36621
-0.35986	-0.03662	-35.98633	-0.36621
-0.35645	-0.03662	-35.64453	-0.36621
-0.35400	-0.03662	-35.40039	-0.36621
-0.35181	-0.03662	-35.18066	-0.36621
-0.34912	-0.03662	-34.91211	-0.36621
-0.34521	-0.03662	-34.52148	-0.36621
-0.34302	-0.03418	-34.30176	-0.34180
-0.34058	-0.03418	-34.05762	-0.34180
-0.33813	-0.03418	-33.81348	-0.34180
-0.33667	-0.03662	-33.66699	-0.36621
-0.33276	-0.03418	-33.27637	-0.34180
-0.33032	-0.03418	-33.03223	-0.34180
-0.32715	-0.03418	-32.71484	-0.34180
-0.32593	-0.03418	-32.59277	-0.34180
-0.32373	-0.03418	-32.37305	-0.34180
-0.32056	-0.03418	-32.05566	-0.34180
-0.31738	-0.03418	-31.73828	-0.34180
-0.31592	-0.03418	-31.59180	-0.34180
-0.31201	-0.03418	-31.20117	-0.34180
-0.30933	-0.03418	-30.93262	-0.34180
-0.30762	-0.03418	-30.76172	-0.34180
-0.30444	-0.03418	-30.44434	-0.34180
-0.30273	-0.03174	-30.27344	-0.31738
-0.29932	-0.03174	-29.93164	-0.31738
-0.29761	-0.03418	-29.76074	-0.34180
-0.29443	-0.03174	-29.44336	-0.31738
-0.29248	-0.03174	-29.24805	-0.31738
-0.28857	-0.03174	-28.85742	-0.31738
-0.28687	-0.03174	-28.68652	-0.31738
-0.28394	-0.03174	-28.39355	-0.31738
-0.28125	-0.03174	-28.12500	-0.31738
-0.27930	-0.03174	-27.92969	-0.31738
-0.27686	-0.03174	-27.68555	-0.31738
-0.27246	-0.03174	-27.24609	-0.31738
-0.27075	-0.03174	-27.07520	-0.31738
-0.26953	-0.03174	-26.95313	-0.31738
-0.26587	-0.02930	-26.58691	-0.29297
-0.26392	-0.02930	-26.39160	-0.29297
-0.26099	-0.02930	-26.09863	-0.29297
-0.25806	-0.02930	-25.80566	-0.29297
-0.25586	-0.02930	-25.58594	-0.29297
-0.25293	-0.02930	-25.29297	-0.29297
-0.25098	-0.02930	-25.09766	-0.29297
-0.24878	-0.02930	-24.87793	-0.29297
-0.24561	-0.02930	-24.56055	-0.29297
-0.24390	-0.02930	-24.38965	-0.29297
-0.24072	-0.02686	-24.07227	-0.26855
-0.23828	-0.02930	-23.82813	-0.29297
-0.23438	-0.02686	-23.43750	-0.26855
-0.23169	-0.02930	-23.16895	-0.29297
-0.22998	-0.02686	-22.99805	-0.26855
-0.22754	-0.02686	-22.75391	-0.26855
-0.22485	-0.02686	-22.48535	-0.26855
-0.22241	-0.02686	-22.24121	-0.26855
-0.21973	-0.02686	-21.97266	-0.26855
-0.21704	-0.02686	-21.70410	-0.26855
-0.21436	-0.02686	-21.43555	-0.26855
-0.21143	-0.02441	-21.14258	-0.24414
-0.20874	-0.02686	-20.87402	-0.26855
-0.20703	-0.02686	-20.70313	-0.26855
-0.20361	-0.02686	-20.36133	-0.26855
-0.20117	-0.02441	-20.11719	-0.24414
-0.19922	-0.02441	-19.92188	-0.24414
-0.19727	-0.02686	-19.72656	-0.26855
-0.19336	-0.02441	-19.33594	-0.24414
-0.19189	-0.02441	-19.18945	-0.24414
-0.18848	-0.02441	-18.84766	-0.24414
-0.18555	-0.02441	-18.55469	-0.24414
-0.18408	-0.02441	-18.40820	-0.24414
-0.18140	-0.02441	-18.13965	-0.24414
-0.17798	-0.02441	-17.79785	-0.24414
-0.17651	-0.02197	-17.65137	-0.21973
-0.17310	-0.02441	-17.30957	-0.24414
-0.17017	-0.02441	-17.01660	-0.24414
-0.16724	-0.02197	-16.72363	-0.21973
-0.16577	-0.02197	-16.57715	-0.21973
-0.16309	-0.02197	-16.30859	-0.21973
-0.16113	-0.02197	-16.11328	-0.21973
-0.15845	-0.02197	-15.84473	-0.21973
-0.15552	-0.02197	-15.55176	-0.21973
-0.15259	-0.02197	-15.25879	-0.21973
-0.15015	-0.02197	-15.01465	-0.21973
-0.14722	-0.02197	-14.72168	-0.21973
-0.14502	-0.01953	-14.50195	-0.19531
-0.14209	-0.01953	-14.20898	-0.19531
-0.13940	-0.01953	-13.94043	-0.19531
-0.13696	-0.01953	-13.69629	-0.19531
-0.13477	-0.01953	-13.47656	-0.19531
-0.13257	-0.01953	-13.25684	-0.19531
-0.12939	-0.01953	-12.93945	-0.19531
-0.12622	-0.01953	-12.62207	-0.19531
-0.12476	-0.01953	-12.47559	-0.19531
-0.12231	-0.01953	-12.23145	-0.19531
-0.11938	-0.01953	-11.93848	-0.19531
-0.11597	-0.01709	-11.59668	-0.17090
-0.11353	-0.01953	-11.35254	-0.19531
-0.11133	-0.01709	-11.13281	-0.17090
-0.10913	-0.01709	-10.91309	-0.17090
-0.10620	-0.01709	-10.62012	-0.17090
-0.10376	-0.01465	-10.37598	-0.14648
-0.10181	-0.01465	-10.18066	-0.14648
-0.09937	-0.01465	-9.93652	-0.14648
-0.09619	-0.01465	-9.61914	-0.14648
-0.09351	-0.01465	-9.35059	-0.14648
-0.09033	-0.01465	-9.03320	-0.14648
-0.08887	-0.01465	-8.88672	-0.14648
-0.08521	-0.01465	-8.52051	-0.14648
-0.08350	-0.01221	-8.34961	-0.12207
-0.07935	-0.01221	-7.93457	-0.12207
-0.07813	-0.01221	-7.81250	-0.12207
-0.07593	-0.01221	-7.59277	-0.12207
-0.07251	-0.01221	-7.25098	-0.12207
-0.06885	-0.00977	-6.88477	-0.09766
-0.06836	-0.00977	-6.83594	-0.09766
-0.06470	-0.00977	-6.46973	-0.09766
-0.06274	-0.00732	-6.27441	-0.07324
-0.06030	-0.00732	-6.03027	-0.07324
-0.05884	-0.00732	-5.88379	-0.07324
-0.05444	-0.00732	-5.44434	-0.07324
-0.05322	-0.00488	-5.32227	-0.04883
-0.05005	-0.00488	-5.00488	-0.04883
-0.04785	-0.00244	-4.78516	-0.02441
-0.04517	-0.00244	-4.51660	-0.02441
-0.04248	0.00000	-4.24805	0.00000
-0.03882	0.00000	-3.88184	0.00000
-0.03735	0.00244	-3.73535	0.02441
-0.03418	0.00244	-3.41797	0.02441
-0.03149	0.00488	-3.14941	0.04883
-0.02979	0.00488	-2.97852	0.04883
-0.02612	0.00977	-2.61230	0.09766
-0.02368	0.01221	-2.36816	0.12207
-0.02075	0.01465	-2.07520	0.14648
-0.01904	0.01465	-1.90430	0.14648
-0.01685	0.02197	-1.68457	0.21973
-0.01416	0.02686	-1.41602	0.26855
-0.01147	0.03418	-1.14746	0.34180
-0.00952	0.04639	-0.95215	0.46387
-0.00586	0.06104	-0.58594	0.61035
-0.00488	0.07813	-0.48828	0.78125
-0.00171	0.10254	-0.17090	1.02539
0.00000	0.14648	0.00000	1.46484
0.00269	0.18555	0.26855	1.85547
0.00513	0.25635	0.51270	2.56348
0.00586	0.30762	0.58594	3.07617
0.00830	0.39795	0.83008	3.97949
0.01050	0.47852	1.04980	4.78516
0.01221	0.57617	1.22070	5.76172
0.01245	0.64697	1.24512	6.46973
0.01538	0.72510	1.53809	7.25098
0.01685	0.79590	1.68457	7.95898
0.01880	0.87158	1.87988	8.71582
0.02124	0.93750	2.12402	9.37500
0.02271	0.98877	2.27051	9.88770
0.02490	1.04492	2.49023	10.44922
0.02661	1.08887	2.66113	10.88867
0.02856	1.13281	2.85645	11.32813
0.03198	1.17920	3.19824	11.79199
0.03369	1.21582	3.36914	12.15820
0.03662	1.24512	3.66211	12.45117
0.03760	1.27930	3.75977	12.79297
0.04102	1.30615	4.10156	13.06152
0.04297	1.34521	4.29688	13.45215
0.04468	1.36719	4.46777	13.67188
0.04712	1.39648	4.71191	13.96484
0.04907	1.41602	4.90723	14.16016
0.05249	1.44043	5.24902	14.40430
0.05420	1.46484	5.41992	14.64844
0.05713	1.48926	5.71289	14.89258
0.06006	1.51611	6.00586	15.16113
0.06201	1.53076	6.20117	15.30762
0.06372	1.55762	6.37207	15.57617
0.06689	1.57959	6.68945	15.79590
0.06885	1.60889	6.88477	16.08887
0.07129	1.62598	7.12891	16.25977
0.07300	1.64795	7.29980	16.47949
0.07544	1.67236	7.54395	16.72363
0.07739	1.69189	7.73926	16.91895
0.08057	1.71387	8.05664	17.13867
0.08228	1.73584	8.22754	17.35840
0.08545	1.75537	8.54492	17.55371
0.08667	1.77002	8.66699	17.70020
0.08960	1.79443	8.95996	17.94434
0.09229	1.81641	9.22852	18.16406
0.09521	1.83350	9.52148	18.33496
0.09717	1.85303	9.71680	18.53027
0.09937	1.87256	9.93652	18.72559
0.10156	1.88965	10.15625	18.89648
0.10449	1.90918	10.44922	19.09180
0.10620	1.92627	10.62012	19.26270
0.10913	1.94824	10.91309	19.48242
0.11084	1.96045	11.08398	19.60449
0.11401	1.97754	11.40137	19.77539
0.11621	1.99707	11.62109	19.97070
0.11865	2.01416	11.86523	20.14160
0.12085	2.03125	12.08496	20.31250
0.12378	2.04834	12.37793	20.48340
0.12622	2.06787	12.62207	20.67871
0.12744	2.08008	12.74414	20.80078
0.13110	2.10449	13.11035	21.04492
0.13281	2.11426	13.28125	21.14258
0.13623	2.13135	13.62305	21.31348
0.13770	2.14355	13.76953	21.43555
0.14111	2.16553	14.11133	21.65527
0.14233	2.17773	14.23340	21.77734
0.14502	2.19727	14.50195	21.97266
0.14673	2.21191	14.67285	22.11914
0.15015	2.22900	15.01465	22.29004
0.15283	2.24609	15.28320	22.46094
0.15527	2.26074	15.52734	22.60742
0.15771	2.28027	15.77148	22.80273
0.15967	2.29248	15.96680	22.92480
0.16235	2.30957	16.23535	23.09570
0.16479	2.32666	16.47949	23.26660
0.16724	2.34375	16.72363	23.43750
0.17017	2.35840	17.01660	23.58398
0.17188	2.37549	17.18750	23.75488
0.17480	2.39014	17.48047	23.90137
0.17700	2.40967	17.70020	24.09668
0.17944	2.42676	17.94434	24.26758
0.18140	2.44141	18.13965	24.41406
0.18359	2.46338	18.35938	24.63379
0.18652	2.47803	18.65234	24.78027
0.18921	2.49512	18.92090	24.95117
0.19067	2.51221	19.06738	25.12207
0.19360	2.52686	19.36035	25.26855
0.19531	2.54639	19.53125	25.46387
0.19849	2.56348	19.84863	25.63477
0.20068	2.57568	20.06836	25.75684
0.20313	2.59277	20.31250	25.92773
0.20532	2.60986	20.53223	26.09863
0.20728	2.62695	20.72754	26.26953
0.21045	2.63916	21.04492	26.39160
0.21289	2.65869	21.28906	26.58691
0.21582	2.67822	21.58203	26.78223
0.21826	2.68799	21.82617	26.87988
0.21997	2.70264	21.99707	27.02637
0.22314	2.71973	22.31445	27.19727
0.22559	2.72949	22.55859	27.29492
0.22754	2.75391	22.75391	27.53906
0.23022	2.76855	23.02246	27.68555
0.23218	2.78320	23.21777	27.83203
0.23462	2.79541	23.46191	27.95410
0.23755	2.80762	23.75488	28.07617
0.23950	2.82227	23.95020	28.22266
0.24194	2.83691	24.19434	28.36914
0.24438	2.85400	24.43848	28.54004
0.24634	2.86377	24.63379	28.63770
0.24902	2.87598	24.90234	28.75977
0.25220	2.89795	25.21973	28.97949
0.25415	2.90771	25.41504	29.07715
0.25684	2.92725	25.68359	29.27246
0.25830	2.93457	25.83008	29.34570
0.26196	2.95166	26.19629	29.51660
0.26343	2.96387	26.34277	29.63867
0.26660	2.97607	26.66016	29.76074
0.26880	2.99316	26.87988	29.93164
0.27148	3.00781	27.14844	30.07813
0.27344	3.02002	27.34375	30.20020
0.27661	3.03223	27.66113	30.32227
0.27832	3.04443	27.83203	30.44434
0.28149	3.06152	28.14941	30.61523
0.28442	3.07861	28.44238	30.78613
0.28540	3.08838	28.54004	30.88379
0.28882	3.11279	28.88184	31.12793
0.29150	3.11768	29.15039	31.17676
0.29395	3.13477	29.39453	31.34766
0.29590	3.14453	29.58984	31.44531
0.29834	3.16162	29.83398	31.61621
0.30151	3.16895	30.15137	31.68945
0.30249	3.18604	30.24902	31.86035
0.30518	3.20068	30.51758	32.00684
0.30713	3.21045	30.71289	32.10449
0.31030	3.22266	31.03027	32.22656
0.31323	3.23730	31.32324	32.37305
0.31543	3.25439	31.54297	32.54395
0.31860	3.26904	31.86035	32.69043
0.31958	3.27881	31.95801	32.78809
0.32202	3.28857	32.20215	32.88574
0.32568	3.30811	32.56836	33.08105
0.32837	3.32275	32.83691	33.22754
0.33008	3.33496	33.00781	33.34961
0.33301	3.34961	33.30078	33.49609
0.33398	3.36182	33.39844	33.61816
0.33740	3.37402	33.74023	33.74023
0.33984	3.38135	33.98438	33.81348
0.34155	3.40088	34.15527	34.00879
0.34497	3.40820	34.49707	34.08203
0.34692	3.42285	34.69238	34.22852
0.34961	3.43750	34.96094	34.37500
