-0.19482	-0.01221	-19.48242	-0.12207
-0.19336	-0.01221	-19.33594	-0.12207
-0.19165	-0.01221	-19.16504	-0.12207
-0.19092	-0.01221	-19.09180	-0.12207
-0.18848	-0.00977	-18.84766	-0.09766
-0.18774	-0.01221	-18.77441	-0.12207
-0.18701	-0.00977	-18.70117	-0.09766
-0.18579	-0.00977	-18.57910	-0.09766
-0.18213	-0.01221	-18.21289	-0.12207
-0.18262	-0.01221	-18.26172	-0.12207
-0.18018	-0.01221	-18.01758	-0.12207
-0.17920	-0.01221	-17.91992	-0.12207
-0.17871	-0.01221	-17.87109	-0.12207
-0.17651	-0.00977	-17.65137	-0.09766
-0.17554	-0.01221	-17.55371	-0.12207
-0.17383	-0.00977	-17.38281	-0.09766
-0.17261	-0.00977	-17.26074	-0.09766
-0.17114	-0.00977	-17.11426	-0.09766
-0.16992	-0.00977	-16.99219	-0.09766
-0.16699	-0.00977	-16.69922	-0.09766
-0.16626	-0.00977	-16.62598	-0.09766
-0.16504	-0.00977	-16.50391	-0.09766
-0.16357	-0.00977	-16.35742	-0.09766
-0.16187	-0.00977	-16.18652	-0.09766
-0.16016	-0.00977	-16.01563	-0.09766
-0.15869	-0.00977	-15.86914	-0.09766
-0.15698	-0.01221	-15.69824	-0.12207
-0.15649	-0.00977	-15.64941	-0.09766
-0.15479	-0.00977	-15.47852	-0.09766
-0.15454	-0.00977	-15.45410	-0.09766
-0.15210	-0.00977	-15.20996	-0.09766
-0.15112	-0.00977	-15.11230	-0.09766
-0.14868	-0.00977	-14.86816	-0.09766
-0.14746	-0.00732	-14.74609	-0.07324
-0.14575	-0.00977	-14.57520	-0.09766
-0.14526	-0.00977	-14.52637	-0.09766
-0.14380	-0.00977	-14.37988	-0.09766
-0.14185	-0.00977	-14.18457	-0.09766
-0.14038	-0.00977	-14.03809	-0.09766
-0.13940	-0.00732	-13.94043	-0.07324
-0.13770	-0.00977	-13.76953	-0.09766
-0.13525	-0.00977	-13.52539	-0.09766
-0.13403	-0.00977	-13.40332	-0.09766
-0.13330	-0.00977	-13.33008	-0.09766
-0.13110	-0.00977	-13.11035	-0.09766
-0.12988	-0.00732	-12.98828	-0.07324
-0.12817	-0.00732	-12.81738	-0.07324
-0.12793	-0.00977	-12.79297	-0.09766
-0.12622	-0.00732	-12.62207	-0.07324
-0.12427	-0.00732	-12.42676	-0.07324
-0.12280	-0.00732	-12.28027	-0.07324
-0.12231	-0.00977	-12.23145	-0.09766
-0.11987	-0.00732	-11.98730	-0.07324
-0.11914	-0.00732	-11.91406	-0.07324
-0.11816	-0.00732	-11.81641	-0.07324
-0.11621	-0.00732	-11.62109	-0.07324
-0.11475	-0.00732	-11.47461	-0.07324
-0.11206	-0.00732	-11.20605	-0.07324
-0.11157	-0.00732	-11.15723	-0.07324
-0.11060	-0.00732	-11.05957	-0.07324
-0.10693	-0.00977	-10.69336	-0.09766
-0.10742	-0.00732	-10.74219	-0.07324
-0.10474	-0.00732	-10.47363	-0.07324
-0.10474	-0.00732	-10.47363	-0.07324
-0.10254	-0.00732	-10.25391	-0.07324
-0.10059	-0.00732	-10.05859	-0.07324
-0.09961	-0.00732	-9.96094	-0.07324
-0.09912	-0.00732	-9.91211	-0.07324
-0.09668	-0.00488	-9.66797	-0.04883
-0.09570	-0.00732	-9.57031	-0.07324
-0.09351	-0.00732	-9.35059	-0.07324
-0.09326	-0.00732	-9.32617	-0.07324
-0.09106	-0.00732	-9.10645	-0.07324
-0.08936	-0.00488	-8.93555	-0.04883
-0.08765	-0.00732	-8.76465	-0.07324
-0.08691	-0.00488	-8.69141	-0.04883
-0.08472	-0.00732	-8.47168	-0.07324
-0.08325	-0.00732	-8.32520	-0.07324
-0.08228	-0.00732	-8.22754	-0.07324
-0.08130	-0.00732	-8.12988	-0.07324
-0.07935	-0.00488	-7.93457	-0.04883
-0.07837	-0.00488	-7.83691	-0.04883
-0.07690	-0.00488	-7.69043	-0.04883
-0.07642	-0.00488	-7.64160	-0.04883
-0.07471	-0.00488	-7.47070	-0.04883
-0.07202	-0.00488	-7.20215	-0.04883
-0.07104	-0.00488	-7.10449	-0.04883
-0.06860	-0.00488	-6.86035	-0.04883
-0.06836	-0.00488	-6.83594	-0.04883
-0.06689	-0.00488	-6.68945	-0.04883
-0.06494	-0.00488	-6.49414	-0.04883
-0.06323	-0.00488	-6.32324	-0.04883
-0.06201	-0.00488	-6.20117	-0.04883
-0.06177	-0.00488	-6.17676	-0.04883
-0.05957	-0.00488	-5.95703	-0.04883
-0.05762	-0.00244	-5.76172	-0.02441
-0.05713	-0.00244	-5.71289	-0.02441
-0.05493	-0.00488	-5.49316	-0.04883
-0.05396	-0.00488	-5.39551	-0.04883
-0.05151	-0.00244	-5.15137	-0.02441
-0.05078	-0.00244	-5.07813	-0.02441
-0.04907	-0.00244	-4.90723	-0.02441
-0.04834	-0.00244	-4.83398	-0.02441
-0.04614	-0.00244	-4.61426	-0.02441
-0.04321	-0.00244	-4.32129	-0.02441
-0.04370	-0.00244	-4.37012	-0.02441
-0.04175	-0.00244	-4.17480	-0.02441
-0.04150	0.00000	-4.15039	0.00000
-0.04004	-0.00244	-4.00391	-0.02441
-0.03760	-0.00244	-3.75977	-0.02441
-0.03662	-0.00244	-3.66211	-0.02441
-0.03516	0.00000	-3.51563	0.00000
-0.03369	-0.00244	-3.36914	-0.02441
-0.03247	0.00000	-3.24707	0.00000
-0.03003	0.00000	-3.00293	0.00000
-0.02832	0.00000	-2.83203	0.00000
-0.02856	0.00000	-2.85645	0.00000
-0.02588	0.00000	-2.58789	0.00000
-0.02539	0.00244	-2.53906	0.02441
-0.02271	0.00244	-2.27051	0.02441
-0.02148	0.00244	-2.14844	0.02441
-0.02100	0.00244	-2.09961	0.02441
-0.01953	0.00244	-1.95313	0.02441
-0.01807	0.00488	-1.80664	0.04883
-0.01611	0.00488	-1.61133	0.04883
-0.01514	0.00488	-1.51367	0.04883
-0.01392	0.00732	-1.39160	0.07324
-0.01196	0.00732	-1.19629	0.07324
-0.01025	0.00732	-1.02539	0.07324
-0.00952	0.00977	-0.95215	0.09766
-0.00659	0.01221	-0.65918	0.12207
-0.00684	0.01221	-0.68359	0.12207
-0.00488	0.01465	-0.48828	0.14648
-0.00269	0.01953	-0.26855	0.19531
-0.00195	0.02197	-0.19531	0.21973
0.00049	0.02686	0.04883	0.26855
0.00073	0.03174	0.07324	0.31738
0.00244	0.03662	0.24414	0.36621
0.00317	0.05127	0.31738	0.51270
0.00513	0.05859	0.51270	0.58594
0.00586	0.07568	0.58594	0.75684
0.00708	0.09521	0.70801	0.95215
0.00879	0.11475	0.87891	1.14746
0.01025	0.13184	1.02539	1.31836
0.01172	0.14160	1.17188	1.41602
0.01270	0.15137	1.26953	1.51367
0.01367	0.16113	1.36719	1.61133
0.01465	0.16846	1.46484	1.68457
0.01660	0.17822	1.66016	1.78223
0.01782	0.18311	1.78223	1.83105
0.02002	0.19043	2.00195	1.90430
0.02002	0.19531	2.00195	1.95313
0.02173	0.20264	2.17285	2.02637
0.02295	0.20752	2.29492	2.07520
0.02490	0.21240	2.49023	2.12402
0.02686	0.21973	2.68555	2.19727
0.02783	0.22461	2.78320	2.24609
0.02856	0.22949	2.85645	2.29492
0.03027	0.23438	3.02734	2.34375
0.03369	0.23926	3.36914	2.39258
0.03345	0.24414	3.34473	2.44141
0.03613	0.24658	3.61328	2.46582
0.03687	0.25146	3.68652	2.51465
0.03784	0.25879	3.78418	2.58789
0.03857	0.26123	3.85742	2.61230
0.03979	0.26367	3.97949	2.63672
0.04321	0.26611	4.32129	2.66113
0.04297	0.27100	4.29688	2.70996
0.04468	0.27588	4.46777	2.75879
0.04761	0.28076	4.76074	2.80762
0.04761	0.28564	4.76074	2.85645
0.04907	0.28809	4.90723	2.88086
0.05029	0.29297	5.02930	2.92969
0.05151	0.29541	5.15137	2.95410
0.05420	0.29785	5.41992	2.97852
0.05493	0.30029	5.49316	3.00293
0.05566	0.30518	5.56641	3.05176
0.05713	0.30762	5.71289	3.07617
0.05859	0.31006	5.85938	3.10059
0.06055	0.31494	6.05469	3.14941
0.06299	0.31738	6.29883	3.17383
0.06274	0.31982	6.27441	3.19824
0.06567	0.32471	6.56738	3.24707
0.06567	0.32959	6.56738	3.29590
0.06738	0.33203	6.73828	3.32031
0.06836	0.33447	6.83594	3.34473
0.06958	0.33691	6.95801	3.36914
0.07227	0.33936	7.22656	3.39355
0.07300	0.34424	7.29980	3.44238
0.07422	0.34668	7.42188	3.46680
0.07617	0.34912	7.61719	3.49121
0.07690	0.35156	7.69043	3.51563
0.07861	0.35400	7.86133	3.54004
0.08032	0.35645	8.03223	3.56445
0.08105	0.36133	8.10547	3.61328
0.08203	0.36133	8.20313	3.61328
0.08423	0.36621	8.42285	3.66211
0.08569	0.36865	8.56934	3.68652
0.08813	0.37109	8.81348	3.71094
0.08862	0.37598	8.86230	3.75977
0.09033	0.37842	9.03320	3.78418
0.09155	0.38086	9.15527	3.80859
0.09277	0.38330	9.27734	3.83301
0.09521	0.38574	9.52148	3.85742
0.09595	0.38818	9.59473	3.88184
0.09668	0.39063	9.66797	3.90625
0.09790	0.39307	9.79004	3.93066
0.09961	0.39551	9.96094	3.95508
0.10132	0.39795	10.13184	3.97949
0.10254	0.40283	10.25391	4.02832
0.10474	0.40283	10.47363	4.02832
0.10645	0.40527	10.64453	4.05273
0.10767	0.40771	10.76660	4.07715
0.10840	0.41016	10.83984	4.10156
0.11035	0.41504	11.03516	4.15039
0.11060	0.41748	11.05957	4.17480
0.11279	0.41748	11.27930	4.17480
0.11353	0.42236	11.35254	4.22363
0.11572	0.42236	11.57227	4.22363
0.11768	0.42725	11.76758	4.27246
0.11890	0.42725	11.88965	4.27246
0.11987	0.42969	11.98730	4.29688
0.12085	0.43213	12.08496	4.32129
0.12329	0.43701	12.32910	4.37012
0.12549	0.43701	12.54883	4.37012
0.12573	0.43945	12.57324	4.39453
0.12671	0.44189	12.67090	4.41895
0.12866	0.44434	12.86621	4.44336
0.13013	0.44678	13.01270	4.46777
0.13184	0.44922	13.18359	4.49219
0.13232	0.45166	13.23242	4.51660
0.13379	0.45166	13.37891	4.51660
0.13574	0.45654	13.57422	4.56543
0.13721	0.45654	13.72070	4.56543
0.13843	0.46143	13.84277	4.61426
0.13965	0.46143	13.96484	4.61426
0.14136	0.46387	14.13574	4.63867
0.14331	0.46631	14.33105	4.66309
0.14355	0.46875	14.35547	4.68750
0.14575	0.47119	14.57520	4.71191
0.14746	0.47363	14.74609	4.73633
0.14868	0.47607	14.86816	4.76074
0.15015	0.47852	15.01465	4.78516
0.15137	0.48096	15.13672	4.80957
0.15308	0.48096	15.30762	4.80957
0.15356	0.48340	15.35645	4.83398
0.15527	0.48584	15.52734	4.85840
0.15625	0.48828	15.62500	4.88281
0.15894	0.49072	15.89355	4.90723
0.16016	0.49316	16.01563	4.93164
0.16138	0.49316	16.13770	4.93164
0.16235	0.49561	16.23535	4.95605
0.16455	0.49805	16.45508	4.98047
0.16553	0.50293	16.55273	5.02930
0.16797	0.50537	16.79688	5.05371
0.16968	0.50537	16.96777	5.05371
0.17065	0.50781	17.06543	5.07813
0.17261	0.51025	17.26074	5.10254
0.17310	0.51025	17.30957	5.10254
0.17432	0.51270	17.43164	5.12695
0.17505	0.51514	17.50488	5.15137
0.17749	0.51758	17.74902	5.17578
0.17847	0.52002	17.84668	5.20020
0.17944	0.52246	17.94434	5.22461
0.18042	0.52490	18.04199	5.24902
0.18237	0.52734	18.23730	5.27344
0.18384	0.52734	18.38379	5.27344
0.18555	0.52979	18.55469	5.29785
0.18750	0.53223	18.75000	5.32227
0.18896	0.53711	18.89648	5.37109
0.18921	0.53711	18.92090	5.37109
0.19141	0.53955	19.14063	5.39551
0.19336	0.53955	19.33594	5.39551
0.19336	0.54199	19.33594	5.41992
0.19507	0.54443	19.50684	5.44434
0.19580	0.54688	19.58008	5.46875
0.19775	0.54688	19.77539	5.46875
0.19922	0.54932	19.92188	5.49316
0.20068	0.55176	20.06836	5.51758
0.20288	0.55420	20.28809	5.54199
0.20410	0.55664	20.41016	5.56641
0.20483	0.55664	20.48340	5.56641
0.20703	0.56152	20.70313	5.61523
0.20898	0.56396	20.89844	5.63965
0.21069	0.56641	21.06934	5.66406
0.21069	0.56641	21.06934	5.66406
0.21265	0.56885	21.26465	5.68848
0.21387	0.56885	21.38672	5.68848
0.21582	0.57373	21.58203	5.73730
0.21704	0.57373	21.70410	5.73730
0.21826	0.57373	21.82617	5.73730
0.22046	0.57861	22.04590	5.78613
0.22192	0.57861	22.19238	5.78613
0.22192	0.58350	22.19238	5.83496
0.22461	0.58350	22.46094	5.83496
0.22510	0.58350	22.50977	5.83496
0.22656	0.58594	22.65625	5.85938
0.22876	0.58838	22.87598	5.88379
0.23022	0.59326	23.02246	5.93262
0.23145	0.59326	23.14453	5.93262
0.23315	0.59326	23.31543	5.93262
