-0,38818	-0,01953	-38,81836	-0,19531
-0,38599	-0,01953	-38,59863	-0,19531
-0,38232	-0,01953	-38,23242	-0,19531
-0,38184	-0,01953	-38,18359	-0,19531
-0,37769	-0,01953	-37,76855	-0,19531
-0,37646	-0,01953	-37,64648	-0,19531
-0,37354	-0,01953	-37,35352	-0,19531
-0,36963	-0,01953	-36,96289	-0,19531
-0,36768	-0,01953	-36,76758	-0,19531
-0,36548	-0,01953	-36,54785	-0,19531
-0,36328	-0,01953	-36,32813	-0,19531
-0,36084	-0,01953	-36,08398	-0,19531
-0,35840	-0,01953	-35,83984	-0,19531
-0,35498	-0,01953	-35,49805	-0,19531
-0,35229	-0,01953	-35,22949	-0,19531
-0,35010	-0,01953	-35,00977	-0,19531
-0,34692	-0,01953	-34,69238	-0,19531
-0,34448	-0,01953	-34,44824	-0,19531
-0,34229	-0,01953	-34,22852	-0,19531
-0,33838	-0,01953	-33,83789	-0,19531
-0,33716	-0,01953	-33,71582	-0,19531
-0,33496	-0,01953	-33,49609	-0,19531
-0,33105	-0,01953	-33,10547	-0,19531
-0,32910	-0,01953	-32,91016	-0,19531
-0,32642	-0,01465	-32,64160	-0,14648
-0,32495	-0,01953	-32,49512	-0,19531
-0,32227	-0,01465	-32,22656	-0,14648
-0,31934	-0,01953	-31,93359	-0,19531
-0,31641	-0,01953	-31,64063	-0,19531
-0,31372	-0,01953	-31,37207	-0,19531
-0,31104	-0,01465	-31,10352	-0,14648
-0,30957	-0,01465	-30,95703	-0,14648
-0,30566	-0,01953	-30,56641	-0,19531
-0,30420	-0,01465	-30,41992	-0,14648
-0,30127	-0,01953	-30,12695	-0,19531
-0,29907	-0,01465	-29,90723	-0,14648
-0,29541	-0,01465	-29,54102	-0,14648
-0,29395	-0,01465	-29,39453	-0,14648
-0,29004	-0,01465	-29,00391	-0,14648
-0,28760	-0,01465	-28,75977	-0,14648
-0,28589	-0,01465	-28,58887	-0,14648
-0,28247	-0,01465	-28,24707	-0,14648
-0,27954	-0,01465	-27,95410	-0,14648
-0,27832	-0,01465	-27,83203	-0,14648
-0,27637	-0,01465	-27,63672	-0,14648
-0,27344	-0,01465	-27,34375	-0,14648
-0,27026	-0,01465	-27,02637	-0,14648
-0,26758	-0,01465	-26,75781	-0,14648
-0,26514	-0,01465	-26,51367	-0,14648
-0,26318	-0,01465	-26,31836	-0,14648
-0,26025	-0,01465	-26,02539	-0,14648
-0,25708	-0,01465	-25,70801	-0,14648
-0,25366	-0,01465	-25,36621	-0,14648
-0,25171	-0,01465	-25,17090	-0,14648
-0,25049	-0,01465	-25,04883	-0,14648
-0,24658	-0,01465	-24,65820	-0,14648
-0,24438	-0,01465	-24,43848	-0,14648
-0,24170	-0,01465	-24,16992	-0,14648
-0,23853	-0,01465	-23,85254	-0,14648
-0,23682	-0,01465	-23,68164	-0,14648
-0,23340	-0,01465	-23,33984	-0,14648
-0,23120	-0,01465	-23,12012	-0,14648
-0,22876	-0,01465	-22,87598	-0,14648
-0,22681	-0,01465	-22,68066	-0,14648
-0,22437	-0,01465	-22,43652	-0,14648
-0,22144	-0,01465	-22,14355	-0,14648
-0,21875	-0,01465	-21,87500	-0,14648
-0,21582	-0,00977	-21,58203	-0,09766
-0,21387	-0,01465	-21,38672	-0,14648
-0,21069	-0,01465	-21,06934	-0,14648
-0,20923	-0,01465	-20,92285	-0,14648
-0,20483	-0,00977	-20,48340	-0,09766
-0,20264	-0,01465	-20,26367	-0,14648
-0,20093	-0,01465	-20,09277	-0,14648
-0,19775	-0,00977	-19,77539	-0,09766
-0,19580	-0,01465	-19,58008	-0,14648
-0,19312	-0,00977	-19,31152	-0,09766
-0,19019	-0,00977	-19,01855	-0,09766
-0,18774	-0,01465	-18,77441	-0,14648
-0,18506	-0,01465	-18,50586	-0,14648
-0,18359	-0,00977	-18,35938	-0,09766
-0,18042	-0,00977	-18,04199	-0,09766
-0,17700	-0,00977	-17,70020	-0,09766
-0,17554	-0,00977	-17,55371	-0,09766
-0,17139	-0,00977	-17,13867	-0,09766
-0,16968	-0,00977	-16,96777	-0,09766
-0,16675	-0,00977	-16,67480	-0,09766
-0,16553	-0,00977	-16,55273	-0,09766
-0,16260	-0,00977	-16,25977	-0,09766
-0,15942	-0,00977	-15,94238	-0,09766
-0,15771	-0,00977	-15,77148	-0,09766
-0,15454	-0,00977	-15,45410	-0,09766
-0,15210	-0,00977	-15,20996	-0,09766
-0,14941	-0,00977	-14,94141	-0,09766
-0,14648	-0,00977	-14,64844	-0,09766
-0,14453	-0,00977	-14,45313	-0,09766
-0,14209	-0,00977	-14,20898	-0,09766
-0,13794	-0,00977	-13,79395	-0,09766
-0,13599	-0,00977	-13,59863	-0,09766
-0,13330	-0,00977	-13,33008	-0,09766
-0,13086	-0,00977	-13,08594	-0,09766
-0,12842	-0,00977	-12,84180	-0,09766
-0,12549	-0,00977	-12,54883	-0,09766
-0,12402	-0,00977	-12,40234	-0,09766
-0,12183	-0,00977	-12,18262	-0,09766
-0,11719	-0,00977	-11,71875	-0,09766
-0,11401	-0,00488	-11,40137	-0,04883
-0,11304	-0,00977	-11,30371	-0,09766
-0,10986	-0,00488	-10,98633	-0,04883
-0,10767	-0,00977	-10,76660	-0,09766
-0,10571	-0,00488	-10,57129	-0,04883
-0,10352	-0,00488	-10,35156	-0,04883
-0,10083	-0,00977	-10,08301	-0,09766
-0,09766	-0,00977	-9,76563	-0,09766
-0,09570	-0,00488	-9,57031	-0,04883
-0,09180	-0,00977	-9,17969	-0,09766
-0,09009	-0,00488	-9,00879	-0,04883
-0,08594	-0,00977	-8,59375	-0,09766
-0,08496	-0,00488	-8,49609	-0,04883
-0,08252	-0,00488	-8,25195	-0,04883
-0,08008	-0,00488	-8,00781	-0,04883
-0,07690	-0,00488	-7,69043	-0,04883
-0,07349	-0,00488	-7,34863	-0,04883
-0,07178	-0,00488	-7,17773	-0,04883
-0,06812	-0,00488	-6,81152	-0,04883
-0,06714	-0,00488	-6,71387	-0,04883
-0,06274	-0,00488	-6,27441	-0,04883
-0,06250	-0,00488	-6,25000	-0,04883
-0,05933	-0,00488	-5,93262	-0,04883
-0,05688	-0,00488	-5,68848	-0,04883
-0,05371	-0,00488	-5,37109	-0,04883
-0,05103	0,00000	-5,10254	0,00000
-0,04883	-0,00488	-4,88281	-0,04883
-0,04614	-0,00488	-4,61426	-0,04883
-0,04370	0,00000	-4,37012	0,00000
-0,04102	0,00000	-4,10156	0,00000
-0,03809	0,00000	-3,80859	0,00000
-0,03638	0,00000	-3,63770	0,00000
-0,03394	0,00000	-3,39355	0,00000
-0,03125	0,00000	-3,12500	0,00000
-0,02832	0,00000	-2,83203	0,00000
-0,02515	0,00488	-2,51465	0,04883
-0,02173	0,00488	-2,17285	0,04883
-0,02075	0,00488	-2,07520	0,04883
-0,01904	0,00977	-1,90430	0,09766
-0,01636	0,00977	-1,63574	0,09766
-0,01367	0,01465	-1,36719	0,14648
-0,01050	0,02441	-1,04980	0,24414
-0,00806	0,03418	-0,80566	0,34180
-0,00562	0,05371	-0,56152	0,53711
-0,00293	0,07813	-0,29297	0,78125
-0,00171	0,11719	-0,17090	1,17188
0,00049	0,16113	0,04883	1,61133
0,00317	0,18555	0,31738	1,85547
0,00586	0,20508	0,58594	2,05078
0,00732	0,22461	0,73242	2,24609
0,01099	0,23926	1,09863	2,39258
0,01367	0,25391	1,36719	2,53906
0,01636	0,26367	1,63574	2,63672
0,01782	0,27832	1,78223	2,78320
0,02148	0,28809	2,14844	2,88086
0,02222	0,29785	2,22168	2,97852
0,02539	0,30762	2,53906	3,07617
0,02808	0,31738	2,80762	3,17383
0,03149	0,32715	3,14941	3,27148
0,03296	0,33203	3,29590	3,32031
0,03540	0,34180	3,54004	3,41797
0,03784	0,35156	3,78418	3,51563
0,04028	0,36133	4,02832	3,61328
0,04297	0,37109	4,29688	3,71094
0,04492	0,37598	4,49219	3,75977
0,04834	0,38574	4,83398	3,85742
0,04956	0,39063	4,95605	3,90625
0,05371	0,40039	5,37109	4,00391
0,05566	0,40527	5,56641	4,05273
0,05884	0,41016	5,88379	4,10156
0,06006	0,41992	6,00586	4,19922
0,06226	0,42480	6,22559	4,24805
0,06519	0,43457	6,51855	4,34570
0,06812	0,43945	6,81152	4,39453
0,07007	0,44434	7,00684	4,44336
0,07300	0,44922	7,29980	4,49219
0,07495	0,45898	7,49512	4,58984
0,07813	0,46875	7,81250	4,68750
0,08081	0,47363	8,08105	4,73633
0,08252	0,47852	8,25195	4,78516
0,08569	0,48340	8,56934	4,83398
0,08862	0,48828	8,86230	4,88281
0,09009	0,49805	9,00879	4,98047
0,09253	0,50293	9,25293	5,02930
0,09595	0,50781	9,59473	5,07813
0,09741	0,51758	9,74121	5,17578
0,10059	0,52246	10,05859	5,22461
0,10254	0,52734	10,25391	5,27344
0,10474	0,53223	10,47363	5,32227
0,10864	0,53711	10,86426	5,37109
0,11060	0,54199	11,05957	5,41992
0,11401	0,55176	11,40137	5,51758
0,11572	0,55664	11,57227	5,56641
0,11816	0,56152	11,81641	5,61523
0,12012	0,56641	12,01172	5,66406
0,12329	0,57129	12,32910	5,71289
0,12573	0,57617	12,57324	5,76172
0,12891	0,58105	12,89063	5,81055
0,13062	0,58594	13,06152	5,85938
0,13330	0,59082	13,33008	5,90820
0,13525	0,60059	13,52539	6,00586
0,13843	0,60059	13,84277	6,00586
0,14185	0,60547	14,18457	6,05469
0,14355	0,61523	14,35547	6,15234
0,14600	0,62012	14,59961	6,20117
0,14844	0,62500	14,84375	6,25000
0,15137	0,62988	15,13672	6,29883
0,15430	0,63477	15,42969	6,34766
0,15601	0,63965	15,60059	6,39648
0,15894	0,64453	15,89355	6,44531
0,16064	0,64941	16,06445	6,49414
0,16333	0,65430	16,33301	6,54297
0,16626	0,65918	16,62598	6,59180
0,16821	0,66406	16,82129	6,64063
0,17065	0,66895	17,06543	6,68945
0,17432	0,67383	17,43164	6,73828
0,17554	0,67871	17,55371	6,78711
0,17847	0,68359	17,84668	6,83594
0,18140	0,68848	18,13965	6,88477
0,18457	0,69336	18,45703	6,93359
0,18579	0,69824	18,57910	6,98242
0,18896	0,70313	18,89648	7,03125
0,19116	0,70801	19,11621	7,08008
0,19312	0,71289	19,31152	7,12891
0,19580	0,71777	19,58008	7,17773
0,19873	0,72266	19,87305	7,22656
0,20142	0,72754	20,14160	7,27539
0,20386	0,73242	20,38574	7,32422
0,20728	0,73730	20,72754	7,37305
0,20874	0,74219	20,87402	7,42188
0,21216	0,74707	21,21582	7,47070
0,21411	0,75195	21,41113	7,51953
0,21704	0,75684	21,70410	7,56836
0,21851	0,76172	21,85059	7,61719
0,22168	0,76660	22,16797	7,66602
0,22461	0,77148	22,46094	7,71484
0,22656	0,77637	22,65625	7,76367
0,22949	0,78125	22,94922	7,81250
0,23145	0,78613	23,14453	7,86133
0,23486	0,79102	23,48633	7,91016
0,23730	0,79590	23,73047	7,95898
0,24023	0,80078	24,02344	8,00781
0,24243	0,80566	24,24316	8,05664
0,24463	0,81055	24,46289	8,10547
0,24683	0,81543	24,68262	8,15430
0,25049	0,82031	25,04883	8,20313
0,25220	0,82520	25,21973	8,25195
0,25439	0,83008	25,43945	8,30078
0,25708	0,83496	25,70801	8,34961
0,25952	0,83984	25,95215	8,39844
0,26196	0,83984	26,19629	8,39844
0,26465	0,84473	26,46484	8,44727
0,26782	0,85449	26,78223	8,54492
0,26953	0,85938	26,95313	8,59375
0,27319	0,85938	27,31934	8,59375
0,27417	0,86426	27,41699	8,64258
0,27686	0,87402	27,68555	8,74023
0,27979	0,87402	27,97852	8,74023
0,28247	0,88379	28,24707	8,83789
0,28516	0,88379	28,51563	8,83789
0,28760	0,88867	28,75977	8,88672
0,29053	0,89355	29,05273	8,93555
0,29175	0,90332	29,17480	9,03320
0,29468	0,90820	29,46777	9,08203
0,29810	0,90820	29,80957	9,08203
0,30054	0,91797	30,05371	9,17969
0,30298	0,91797	30,29785	9,17969
0,30493	0,92773	30,49316	9,27734
0,30737	0,93262	30,73730	9,32617
0,31055	0,93750	31,05469	9,37500
0,31274	0,94238	31,27441	9,42383
0,31494	0,94727	31,49414	9,47266
0,31763	0,95215	31,76270	9,52148
0,32129	0,95703	32,12891	9,57031
0,32324	0,96191	32,32422	9,61914
0,32568	0,96680	32,56836	9,66797
0,32837	0,97168	32,83691	9,71680
0,33057	0,97656	33,05664	9,76563
0,33301	0,98633	33,30078	9,86328
0,33545	0,98633	33,54492	9,86328
0,33740	0,99121	33,74023	9,91211
0,33984	0,99609	33,98438	9,96094
0,34375	1,00586	34,37500	10,05859
0,34497	1,01074	34,49707	10,10742
0,34839	1,01563	34,83887	10,15625
0,35083	1,02051	35,08301	10,20508
0,35303	1,02539	35,30273	10,25391
0,35596	1,03516	35,59570	10,35156
0,35718	1,04004	35,71777	10,40039
0,36060	1,04492	36,05957	10,44922
0,36353	1,04980	36,35254	10,49805
0,36597	1,05469	36,59668	10,54688
0,36792	1,05957	36,79199	10,59570
0,37061	1,06934	37,06055	10,69336
0,37305	1,07422	37,30469	10,74219
