-0,38916	-0,10254	-38,91602	-1,02539
-0,38525	-0,09766	-38,52539	-0,97656
-0,38306	-0,10254	-38,30566	-1,02539
-0,38135	-0,09766	-38,13477	-0,97656
-0,37842	-0,09766	-37,84180	-0,97656
-0,37671	-0,09766	-37,67090	-0,97656
-0,37329	-0,09766	-37,32910	-0,97656
-0,37085	-0,09766	-37,08496	-0,97656
-0,36816	-0,09766	-36,81641	-0,97656
-0,36572	-0,09766	-36,57227	-0,97656
-0,36377	-0,09766	-36,37695	-0,97656
-0,35986	-0,09766	-35,98633	-0,97656
-0,35889	-0,09766	-35,88867	-0,97656
-0,35425	-0,09766	-35,42480	-0,97656
-0,35376	-0,09277	-35,37598	-0,92773
-0,35107	-0,09277	-35,10742	-0,92773
-0,34692	-0,09766	-34,69238	-0,97656
-0,34448	-0,09766	-34,44824	-0,97656
-0,34302	-0,09766	-34,30176	-0,97656
-0,33984	-0,09277	-33,98438	-0,92773
-0,33740	-0,09277	-33,74023	-0,92773
-0,33472	-0,09766	-33,47168	-0,97656
-0,33203	-0,09277	-33,20313	-0,92773
-0,32983	-0,09277	-32,98340	-0,92773
-0,32690	-0,09277	-32,69043	-0,92773
-0,32422	-0,09277	-32,42188	-0,92773
-0,32129	-0,09277	-32,12891	-0,92773
-0,32031	-0,09277	-32,03125	-0,92773
-0,31592	-0,09277	-31,59180	-0,92773
-0,31445	-0,09277	-31,44531	-0,92773
-0,31104	-0,09277	-31,10352	-0,92773
-0,30884	-0,09277	-30,88379	-0,92773
-0,30542	-0,09277	-30,54199	-0,92773
-0,30444	-0,08789	-30,44434	-0,87891
-0,30127	-0,09277	-30,12695	-0,92773
-0,29834	-0,09277	-29,83398	-0,92773
-0,29614	-0,08789	-29,61426	-0,87891
-0,29272	-0,08789	-29,27246	-0,87891
-0,29126	-0,08789	-29,12598	-0,87891
-0,28906	-0,08789	-28,90625	-0,87891
-0,28564	-0,08789	-28,56445	-0,87891
-0,28345	-0,08789	-28,34473	-0,87891
-0,28027	-0,08789	-28,02734	-0,87891
-0,27637	-0,08789	-27,63672	-0,87891
-0,27563	-0,08789	-27,56348	-0,87891
-0,27271	-0,08789	-27,27051	-0,87891
-0,27051	-0,08789	-27,05078	-0,87891
-0,26855	-0,08789	-26,85547	-0,87891
-0,26489	-0,08301	-26,48926	-0,83008
-0,26294	-0,08789	-26,29395	-0,87891
-0,25952	-0,08789	-25,95215	-0,87891
-0,25684	-0,08301	-25,68359	-0,83008
-0,25439	-0,08301	-25,43945	-0,83008
-0,25244	-0,08301	-25,24414	-0,83008
-0,24878	-0,08301	-24,87793	-0,83008
-0,24731	-0,08301	-24,73145	-0,83008
-0,24390	-0,08301	-24,38965	-0,83008
-0,24146	-0,08301	-24,14551	-0,83008
-0,23950	-0,08301	-23,95020	-0,83008
-0,23657	-0,08301	-23,65723	-0,83008
-0,23364	-0,08301	-23,36426	-0,83008
-0,23193	-0,08301	-23,19336	-0,83008
-0,22876	-0,07813	-22,87598	-0,78125
-0,22534	-0,08301	-22,53418	-0,83008
-0,22461	-0,08301	-22,46094	-0,83008
-0,22095	-0,07813	-22,09473	-0,78125
-0,21899	-0,08301	-21,89941	-0,83008
-0,21606	-0,07813	-21,60645	-0,78125
-0,21436	-0,08301	-21,43555	-0,83008
-0,21045	-0,07813	-21,04492	-0,78125
-0,20850	-0,08301	-20,84961	-0,83008
-0,20532	-0,07813	-20,53223	-0,78125
-0,20215	-0,07813	-20,21484	-0,78125
-0,20093	-0,07813	-20,09277	-0,78125
-0,19873	-0,07813	-19,87305	-0,78125
-0,19531	-0,07813	-19,53125	-0,78125
-0,19263	-0,07813	-19,26270	-0,78125
-0,19019	-0,07813	-19,01855	-0,78125
-0,18726	-0,07813	-18,72559	-0,78125
-0,18555	-0,07813	-18,55469	-0,78125
-0,18237	-0,07813	-18,23730	-0,78125
-0,18066	-0,07813	-18,06641	-0,78125
-0,17822	-0,07324	-17,82227	-0,73242
-0,17505	-0,07324	-17,50488	-0,73242
-0,17212	-0,07324	-17,21191	-0,73242
-0,16992	-0,07324	-16,99219	-0,73242
-0,16772	-0,07324	-16,77246	-0,73242
-0,16431	-0,07324	-16,43066	-0,73242
-0,16235	-0,07324	-16,23535	-0,73242
-0,15942	-0,07324	-15,94238	-0,73242
-0,15747	-0,07324	-15,74707	-0,73242
-0,15527	-0,07324	-15,52734	-0,73242
-0,15186	-0,07324	-15,18555	-0,73242
-0,14868	-0,06836	-14,86816	-0,68359
-0,14722	-0,06836	-14,72168	-0,68359
-0,14478	-0,06836	-14,47754	-0,68359
-0,14282	-0,06836	-14,28223	-0,68359
-0,13892	-0,06836	-13,89160	-0,68359
-0,13647	-0,06836	-13,64746	-0,68359
-0,13403	-0,06836	-13,40332	-0,68359
-0,13062	-0,06836	-13,06152	-0,68359
-0,12817	-0,06836	-12,81738	-0,68359
-0,12524	-0,06836	-12,52441	-0,68359
-0,12305	-0,06836	-12,30469	-0,68359
-0,12109	-0,06836	-12,10938	-0,68359
-0,11768	-0,06836	-11,76758	-0,68359
-0,11450	-0,06348	-11,45020	-0,63477
-0,11279	-0,06348	-11,27930	-0,63477
-0,11108	-0,06836	-11,10840	-0,68359
-0,10913	-0,06348	-10,91309	-0,63477
-0,10620	-0,06348	-10,62012	-0,63477
-0,10254	-0,06348	-10,25391	-0,63477
-0,10059	-0,06348	-10,05859	-0,63477
-0,09814	-0,06348	-9,81445	-0,63477
-0,09595	-0,06348	-9,59473	-0,63477
-0,09204	-0,06348	-9,20410	-0,63477
-0,09033	-0,05859	-9,03320	-0,58594
-0,08765	-0,05859	-8,76465	-0,58594
-0,08569	-0,05859	-8,56934	-0,58594
-0,08228	-0,05859	-8,22754	-0,58594
-0,07886	-0,05859	-7,88574	-0,58594
-0,07642	-0,05859	-7,64160	-0,58594
-0,07373	-0,05371	-7,37305	-0,53711
-0,07178	-0,05371	-7,17773	-0,53711
-0,06958	-0,05371	-6,95801	-0,53711
-0,06616	-0,05371	-6,61621	-0,53711
-0,06494	-0,05371	-6,49414	-0,53711
-0,06152	-0,05371	-6,15234	-0,53711
-0,05957	-0,04883	-5,95703	-0,48828
-0,05664	-0,04883	-5,66406	-0,48828
-0,05371	-0,04883	-5,37109	-0,48828
-0,05176	-0,04883	-5,17578	-0,48828
-0,04883	-0,04395	-4,88281	-0,43945
-0,04590	-0,04395	-4,58984	-0,43945
-0,04395	-0,04395	-4,39453	-0,43945
-0,04224	-0,03906	-4,22363	-0,39063
-0,03857	-0,03418	-3,85742	-0,34180
-0,03662	-0,03418	-3,66211	-0,34180
-0,03467	-0,03418	-3,46680	-0,34180
-0,03052	-0,02930	-3,05176	-0,29297
-0,02832	-0,02441	-2,83203	-0,24414
-0,02661	-0,01953	-2,66113	-0,19531
-0,02368	-0,01465	-2,36816	-0,14648
-0,02100	-0,00977	-2,09961	-0,09766
-0,01880	0,00000	-1,87988	0,00000
-0,01538	0,01465	-1,53809	0,14648
-0,01416	0,02441	-1,41602	0,24414
-0,01074	0,04395	-1,07422	0,43945
-0,00928	0,06836	-0,92773	0,68359
-0,00708	0,10254	-0,70801	1,02539
-0,00415	0,13672	-0,41504	1,36719
-0,00244	0,18555	-0,24414	1,85547
-0,00049	0,24414	-0,04883	2,44141
0,00244	0,30273	0,24414	3,02734
0,00269	0,39063	0,26855	3,90625
0,00464	0,47363	0,46387	4,73633
0,00610	0,60059	0,61035	6,00586
0,00830	0,70801	0,83008	7,08008
0,00879	0,83008	0,87891	8,30078
0,01123	0,96680	1,12305	9,66797
0,01221	1,13770	1,22070	11,37695
0,01343	1,27441	1,34277	12,74414
0,01440	1,45508	1,44043	14,55078
0,01538	1,59668	1,53809	15,96680
0,01489	1,75293	1,48926	17,52930
0,01685	1,97266	1,68457	19,72656
0,01782	2,12891	1,78223	21,28906
0,01782	2,32422	1,78223	23,24219
0,01855	2,50000	1,85547	25,00000
0,01904	2,70996	1,90430	27,09961
0,02051	2,90527	2,05078	29,05273
0,02100	3,12500	2,09961	31,25000
0,02124	3,28613	2,12402	32,86133
0,02100	3,52051	2,09961	35,20508
0,02271	3,73047	2,27051	37,30469
0,02319	3,95020	2,31934	39,50195
0,02295	4,14063	2,29492	41,40625
0,02466	4,32129	2,46582	43,21289
0,02393	4,55078	2,39258	45,50781
0,02515	4,77051	2,51465	47,70508
0,02515	4,99023	2,51465	49,90234
0,02539	5,16602	2,53906	51,66016
0,02563	5,41016	2,56348	54,10156
0,02612	5,60547	2,61230	56,05469
0,02734	5,83984	2,73438	58,39844
0,02783	6,03027	2,78320	60,30273
0,02856	6,21094	2,85645	62,10938
0,02881	6,37207	2,88086	63,72070
0,03027	6,46484	3,02734	64,64844
0,03101	6,46484	3,10059	64,64844
0,03320	6,48438	3,32031	64,84375
0,03394	6,49902	3,39355	64,99023
0,03638	6,49902	3,63770	64,99023
0,03857	6,49902	3,85742	64,99023
0,03955	6,49902	3,95508	64,99023
0,04126	6,50879	4,12598	65,08789
0,04370	6,50391	4,37012	65,03906
0,04590	6,49902	4,58984	64,99023
0,04712	6,50391	4,71191	65,03906
0,04858	6,50391	4,85840	65,03906
0,05054	6,50391	5,05371	65,03906
0,05225	6,50879	5,22461	65,08789
0,05469	6,50391	5,46875	65,03906
0,05591	6,49902	5,59082	64,99023
0,05908	6,49902	5,90820	64,99023
0,06030	6,50391	6,03027	65,03906
0,06201	6,50879	6,20117	65,08789
0,06445	6,49902	6,44531	64,99023
0,06665	6,50391	6,66504	65,03906
0,06812	6,50879	6,81152	65,08789
0,07007	6,50391	7,00684	65,03906
0,07129	6,50879	7,12891	65,08789
0,07422	6,50879	7,42188	65,08789
0,07568	6,49902	7,56836	64,99023
0,07739	6,50391	7,73926	65,03906
0,07983	6,50879	7,98340	65,08789
0,08130	6,50879	8,12988	65,08789
0,08447	6,50879	8,44727	65,08789
0,08496	6,50391	8,49609	65,03906
0,08862	6,50391	8,86230	65,03906
0,09009	6,50391	9,00879	65,03906
0,09229	6,49902	9,22852	64,99023
0,09448	6,50391	9,44824	65,03906
0,09619	6,50879	9,61914	65,08789
0,09839	6,49902	9,83887	64,99023
0,10010	6,49902	10,00977	64,99023
0,10156	6,49902	10,15625	64,99023
0,10449	6,50391	10,44922	65,03906
0,10645	6,50391	10,64453	65,03906
0,10815	6,50391	10,81543	65,03906
0,11060	6,50391	11,05957	65,03906
0,11182	6,49902	11,18164	64,99023
0,11523	6,50391	11,52344	65,03906
0,11743	6,49902	11,74316	64,99023
0,11914	6,49902	11,91406	64,99023
0,12158	6,49902	12,15820	64,99023
0,12305	6,50391	12,30469	65,03906
0,12524	6,49902	12,52441	64,99023
0,12744	6,49902	12,74414	64,99023
0,12939	6,50879	12,93945	65,08789
0,13232	6,50879	13,23242	65,08789
0,13403	6,50391	13,40332	65,03906
0,13647	6,50879	13,64746	65,08789
0,13794	6,49902	13,79395	64,99023
0,13916	6,50391	13,91602	65,03906
0,14282	6,49902	14,28223	64,99023
0,14429	6,50391	14,42871	65,03906
0,14673	6,50391	14,67285	65,03906
0,14917	6,49902	14,91699	64,99023
0,15088	6,49902	15,08789	64,99023
0,15332	6,50391	15,33203	65,03906
0,15527	6,50391	15,52734	65,03906
0,15747	6,50391	15,74707	65,03906
0,16040	6,49902	16,04004	64,99023
0,16162	6,49902	16,16211	64,99023
0,16333	6,49902	16,33301	64,99023
0,16626	6,49902	16,62598	64,99023
0,16772	6,49902	16,77246	64,99023
0,17065	6,49902	17,06543	64,99023
0,17310	6,49902	17,30957	64,99023
0,17554	6,49902	17,55371	64,99023
0,17773	6,49902	17,77344	64,99023
0,17993	6,50391	17,99316	65,03906
0,18188	6,50391	18,18848	65,03906
0,18335	6,50391	18,33496	65,03906
0,18555	6,49902	18,55469	64,99023
0,18872	6,49902	18,87207	64,99023
0,18945	6,50391	18,94531	65,03906
0,19263	6,50391	19,26270	65,03906
0,19409	6,49902	19,40918	64,99023
0,19751	6,50391	19,75098	65,03906
0,19897	6,49902	19,89746	64,99023
0,20142	6,50391	20,14160	65,03906
0,20337	6,49902	20,33691	64,99023
0,20508	6,50391	20,50781	65,03906
0,20776	6,49902	20,77637	64,99023
0,20923	6,50391	20,92285	65,03906
0,21216	6,49902	21,21582	64,99023
0,21411	6,49902	21,41113	64,99023
0,21680	6,50391	21,67969	65,03906
0,21899	6,49902	21,89941	64,99023
0,21997	6,49902	21,99707	64,99023
0,22363	6,50391	22,36328	65,03906
0,22559	6,49902	22,55859	64,99023
0,22754	6,49902	22,75391	64,99023
0,23022	6,50391	23,02246	65,03906
0,23145	6,49902	23,14453	64,99023
0,23340	6,49902	23,33984	64,99023
0,23706	6,50391	23,70605	65,03906
0,23853	6,50391	23,85254	65,03906
0,24048	6,50391	24,04785	65,03906
0,24390	6,49902	24,38965	64,99023
0,24536	6,49902	24,53613	64,99023
0,24756	6,49902	24,75586	64,99023
0,24927	6,50391	24,92676	65,03906
0,25146	6,50391	25,14648	65,03906
0,25342	6,49902	25,34180	64,99023
0,25635	6,50879	25,63477	65,08789
0,25830	6,50879	25,83008	65,08789
0,26123	6,50391	26,12305	65,03906
0,26367	6,50391	26,36719	65,03906
