Frac	Delay	Mean	Mean_sigma	FWHM	FWHM_sigma	Kurtosis	Kurtosis_sigma
0.1	1	135004	284.578	47052	19928.1	-0.246105	0.0295055
0.1	1.25	153038	276.929	50076	22328.7	-0.0889886	0.029612
0.1	1.5	153415	277.002	68184	27788.5	-0.180595	0.0295699
0.1	1.75	150184	271.352	55692	27437.4	-0.00424269	0.0295403
0.1	2	145191	279.912	52812	27401.4	-0.0553118	0.0294383
0.1	2.25	157446	115.581	10980	2166.49	25.2616	0.029467
0.1	2.5	159234	66.5058	10908	2142.43	53.1929	0.0293885
0.1	2.75	159809	50.5177	9504	2363.6	63.1292	0.0293768
0.1	3	159938	46.0556	10944	1713.94	50.6299	0.0293716
0.1	3.25	159993	45.024	12600	1568.65	46.3466	0.0293716
0.1	3.5	160027	45.2231	12168	1329.24	47.4394	0.0293716
0.1	3.75	160046	45.1697	12852	1314.7	47.6042	0.0293716
0.1	4	160060	45.1021	12780	1398.14	47.7343	0.0293721
0.1	4.25	160081	44.7401	13392	1696.21	45.6909	0.0293721
0.1	4.5	160090	44.7457	13248	1382.76	45.7419	0.0293721
0.1	4.75	160091	45.0966	13644	1517.28	50.8604	0.0293716
0.1	5	160098	44.96	12492	1690.72	47.2992	0.0293716
0.1	5.25	160101	44.9652	12492	1690.72	47.3645	0.0293716
0.1	5.5	160105	44.9522	12816	1757.01	47.4742	0.0293716
0.1	5.75	160106	44.9316	12600	1435.49	47.5872	0.0293716
0.1	6	160109	44.7372	10836	1891.86	46.2174	0.0293716
0.1	6.25	160112	45.0522	11772	1750.48	50.1813	0.029371
0.1	6.5	160108	45.0576	11160	2006.55	50.2645	0.029371
0.1	6.75	160104	45.063	13500	1015.05	50.335	0.029371
0.1	7	160096	45.0873	13608	1146.74	50.3507	0.029371
0.1	7.25	160090	45.0929	11808	1913.99	50.4081	0.029371
0.1	7.5	160084	45.0987	12348	1429.31	50.4672	0.029371
0.1	7.75	160075	45.1318	13500	1194.89	50.4435	0.029371
0.1	8	160068	45.1376	12960	1343.46	50.5151	0.029371
0.1	8.25	160053	44.9563	12348	1663.94	47.0107	0.0293716
0.1	8.5	160042	45.1561	11628	1808.26	48.2946	0.029371
0.1	8.75	160036	45.1627	12636	1514.43	48.3901	0.029371
0.1	9	160031	45.1682	13428	1102.37	48.4799	0.029371
0.1	9.25	160026	45.1743	12204	1543.25	48.5689	0.029371
0.1	9.5	160024	45.0996	12240	1331.84	48.2482	0.029371
0.1	9.75	160021	45.1069	13212	1710.54	48.3333	0.029371
0.1	10	160018	45.1142	12996	1321.91	48.4036	0.029371
0.2	1	135858	288.867	44100	19424	-0.30355	0.0295055
0.2	1.25	150213	253.55	8064	3119.22	0.62821	0.0295377
0.2	1.5	152816	155.723	8208	3203.93	6.78604	0.0294091
0.2	1.75	159629	59.9566	8352	3174.67	58.9649	0.0293747
0.2	2	159969	46.6114	11160	1746.4	56.2692	0.0293716
0.2	2.25	160023	44.4214	12060	1292.83	43.2243	0.0293731
0.2	2.5	160063	44.3864	13104	1629.7	42.594	0.0293731
0.2	2.75	160085	44.198	10872	1089.16	42.6162	0.0293731
0.2	3	160096	44.8448	11016	2016.21	51.4574	0.0293721
0.2	3.25	160123	44.2024	11448	1795.19	42.67	0.0293731
0.2	3.5	160135	44.2202	12204	1573.19	42.6421	0.0293731
0.2	3.75	160148	44.0669	13176	1732.49	41.8963	0.0293737
0.2	4	160161	44.7694	12600	1775.84	60.7131	0.0293731
0.2	4.25	160172	44.4519	12780	1172.26	56.7614	0.0293737
0.2	4.5	160175	44.4505	13176	1147.87	56.6779	0.0293737
0.2	4.75	160171	44.7969	13860	1165.61	61.4054	0.0293731
0.2	5	160179	45.4722	13536	1265.3	76.5068	0.0293721
0.2	5.25	160188	44.9573	11412	1905.51	70.5494	0.0293731
0.2	5.5	160186	44.9554	14472	1180.52	70.4271	0.0293731
0.2	5.75	160184	44.9462	14076	1367.53	70.1747	0.0293731
0.2	6	160185	44.7268	12852	1402.46	69.1421	0.0293731
0.2	6.25	160180	44.742	14040	1324.03	68.9871	0.0293731
0.2	6.5	160175	44.7408	13464	1146.74	68.9628	0.0293731
0.2	6.75	160169	44.7396	13896	1330.86	68.8852	0.0293731
0.2	7	160161	45.8614	13500	1484.46	86.9818	0.0293716
0.2	7.25	160164	45.2787	13392	1211.94	81.2507	0.0293726
0.2	7.5	160158	45.2793	12888	1296.33	81.2682	0.0293726
0.2	7.75	160141	44.9211	12024	1309.6	68.8897	0.0293726
0.2	8	160134	45.0448	11736	1447.48	71.6911	0.0293726
0.2	8.25	160132	44.8479	12024	1783.36	68.1864	0.0293731
0.2	8.5	160124	45.0425	13320	1459.37	69.0606	0.0293726
0.2	8.75	160119	45.07	13644	1574.29	68.8944	0.0293726
0.2	9	160108	45.4655	12744	1234.89	72.3236	0.0293716
0.2	9.25	160099	45.0127	12204	1302.82	61.0628	0.0293721
0.2	9.5	160098	44.9354	12492	1519.55	60.874	0.0293721
0.2	9.75	160086	44.5915	14436	1572.64	48.121	0.0293721
0.2	10	160091	45.2453	14148	1194.17	64.0521	0.0293716
0.3	1	131516	311.976	54792	26894.8	-0.494376	0.0294814
0.3	1.25	158891	78.0573	7488	2785.45	37.9498	0.0293858
0.3	1.5	160002	46.0516	10980	2135.16	51.4815	0.0293726
0.3	1.75	160050	44.9731	10656	1890.83	51.0722	0.0293721
0.3	2	160092	44.7655	12888	1672.1	50.0815	0.0293721
0.3	2.25	160128	43.9446	13428	1402.46	40.6983	0.0293737
0.3	2.5	160155	43.917	13212	1691.74	40.7487	0.0293737
0.3	2.75	160178	44.4519	14472	911.684	55.6571	0.0293726
0.3	3	160180	45.0527	13644	1256.22	62.4221	0.0293716
0.3	3.25	160200	44.4504	13176	1459.37	55.4382	0.0293726
0.3	3.5	160207	44.4504	13356	1366.89	55.3693	0.0293726
0.3	3.75	160210	44.4695	12672	1234.89	55.2344	0.0293726
0.3	4	160208	44.7825	11304	1793.27	59.034	0.0293721
0.3	4.25	160215	44.4677	12024	1503.69	55.0702	0.0293726
0.3	4.5	160231	44.8175	12816	1206.58	68.4548	0.0293731
0.3	4.75	160230	44.938	12888	1237.69	72.3765	0.0293731
0.3	5	160220	45.4022	12636	1337.5	75.0226	0.0293721
0.3	5.25	160228	44.8013	13212	1395.05	69.0009	0.0293731
0.3	5.5	160224	44.8333	13068	1152.94	68.8095	0.0293731
0.3	5.75	160220	44.8321	10908	1871.19	68.7566	0.0293731
0.3	6	160220	44.6247	12564	1602.03	67.5308	0.0293731
0.3	6.25	160215	44.6236	12240	1535.53	67.4424	0.0293731
0.3	6.5	160209	44.6224	12096	1567.83	67.3816	0.0293731
0.3	6.75	160205	44.5869	11592	1705.1	67.4271	0.0293731
0.3	7	160195	45.7255	12852	1285.46	85.1893	0.0293716
0.3	7.25	160200	45.1254	12312	1501.68	79.8703	0.0293726
0.3	7.5	160193	45.1586	13500	1019.29	79.6459	0.0293726
0.3	7.75	160189	45.1485	12852	1285.46	79.1105	0.0293726
0.3	8	160172	44.9239	12780	1366.26	70.184	0.0293726
0.3	8.25	160171	44.7275	13464	1061.85	66.6674	0.0293731
0.3	8.5	160175	45.1806	13212	1733.62	75.1747	0.0293726
0.3	8.75	160174	45.1501	11592	1881.44	75.235	0.0293726
0.3	9	160164	45.5581	12672	1529.61	78.1747	0.0293716
0.3	9.25	160168	45.235	11988	1752.45	74.4127	0.0293721
0.3	9.5	160169	45.1472	14076	1312.07	74.1277	0.0293721
0.3	9.75	160166	45.3429	13644	1486.21	76.8102	0.0293721
0.3	10	160161	45.6395	13644	1486.21	79.28	0.0293716
0.4	1	158547	91.6843	10728	2184.86	32.3677	0.0293848
0.4	1.25	160032	44.9707	12240	2030.52	47.5566	0.0293721
0.4	1.5	160093	44.931	12240	1256.74	51.2762	0.0293716
0.4	1.75	160140	44.6621	11988	1442.55	50.0911	0.0293721
0.4	2	160170	44.6374	12816	1323.05	49.0165	0.0293716
0.4	2.25	160200	44.474	11880	1616.93	55.3984	0.0293726
0.4	2.5	160217	44.4525	12816	1294.67	55.3718	0.0293726
0.4	2.75	160226	44.5089	13896	1310.91	55.1563	0.0293726
0.4	3	160224	45.084	12168	1501.68	61.2329	0.0293716
0.4	3.25	160241	44.4529	11736	1348.92	55.1034	0.0293726
0.4	3.5	160245	44.4519	12384	1389.31	55.0385	0.0293726
0.4	3.75	160242	44.7902	12276	1222.06	59.5965	0.0293721
0.4	4	160243	44.7643	11772	1456.85	58.7218	0.0293721
0.4	4.25	160248	44.4523	12888	1948.44	54.8284	0.0293726
0.4	4.5	160250	44.3013	12780	1983.71	54.106	0.0293726
0.4	4.75	160243	44.6404	12888	1474.39	58.8741	0.0293716
0.4	5	160241	45.5335	13752	1425.83	73.9229	0.029371
0.4	5.25	160248	44.9443	12708	1723.62	68.2119	0.0293721
0.4	5.5	160243	44.9422	12816	1758.97	68.1368	0.0293721
0.4	5.75	160243	44.8238	13464	1469.99	68.2594	0.0293731
0.4	6	160242	44.6178	13320	1411.21	67.0551	0.0293731
0.4	6.25	160236	44.6172	13212	1366.89	66.9883	0.0293731
0.4	6.5	160232	44.5742	12888	1269.39	66.5804	0.0293731
0.4	6.75	160229	45.4479	12096	1567.83	82.7506	0.0293721
0.4	7	160217	45.7084	12240	1503.69	84.4485	0.0293716
0.4	7.25	160223	45.1205	12960	1217.99	79.3551	0.0293726
0.4	7.5	160218	45.1128	11736	1447.48	78.8972	0.0293726
0.4	7.75	160213	45.1452	12852	1580.86	78.77	0.0293726
0.4	8	160198	44.9184	11808	1469.69	69.8265	0.0293726
0.4	8.25	160204	45.1785	11232	1983.38	74.7776	0.0293726
0.4	8.5	160201	45.216	11628	1850.76	74.6421	0.0293721
0.4	8.75	160200	45.2051	12492	1455.66	74.0554	0.0293721
0.4	9	160191	45.6099	12492	1455.66	76.8867	0.029371
0.4	9.25	160196	45.2919	12096	1567.83	73.644	0.0293716
0.4	9.5	160177	44.3334	13788	1367.53	48.6612	0.0293716
0.4	9.75	160175	44.5316	13572	1548.84	52.069	0.0293716
0.4	10	160178	45.2897	13572	1367.53	68.0657	0.029371
0.5	1	160159	47.1771	12312	1675.71	46.2133	0.0293705
0.5	1.25	160134	44.8285	12816	1233.84	48.7321	0.029371
0.5	1.5	160177	44.9983	12708	1425.68	53.042	0.029371
0.5	1.75	160209	44.8811	12924	1051.83	51.6727	0.0293716
0.5	2	160217	44.7587	12204	1384.48	48.4283	0.0293705
0.5	2.25	160235	43.9879	13068	1399.99	39.5394	0.0293726
0.5	2.5	160241	44.3374	12024	1304.64	45.8339	0.0293721
0.5	2.75	160256	44.0198	11844	1447.33	39.5268	0.0293721
0.5	3	160259	44.1672	12492	1690.21	41.6205	0.0293705
0.5	3.25	160275	44.2888	12672	1412.44	54.0488	0.0293726
0.5	3.5	160276	44.2904	12672	1389.31	54.0507	0.0293726
0.5	3.75	160271	44.632	12528	1338.63	58.7352	0.0293721
0.5	4	160276	44.3372	13428	1280.07	53.8836	0.0293716
0.5	4.25	160274	44.2977	13428	1249.33	54.0405	0.0293726
0.5	4.5	160272	44.2984	13680	1482.86	54.0167	0.0293726
0.5	4.75	160263	44.6365	14688	1464.39	58.7579	0.0293716
0.5	5	160263	44.6182	12168	1506.27	55.1532	0.0293705
0.5	5.25	160267	44.9271	12204	1522.39	67.4672	0.0293721
0.5	5.5	160262	44.9271	12204	1522.39	67.4623	0.0293721
0.5	5.75	160258	44.9578	12168	1506.27	67.3286	0.0293716
0.5	6	160256	44.7514	12348	1163.38	66.1871	0.029371
0.5	6.25	160260	45.1385	12240	1503.69	74.7012	0.0293716
0.5	6.5	160252	45.0934	12276	1522.39	74.8704	0.0293721
0.5	6.75	160255	45.6219	12276	1522.39	86.1913	0.0293716
0.5	7	160243	45.7367	12960	1267.01	82.7193	0.0293705
0.5	7.25	160243	45.4681	12492	1132.52	80.8198	0.0293716
0.5	7.5	160239	45.466	11340	1484.46	80.7807	0.0293716
0.5	7.75	160235	45.4821	11916	1490.27	80.0105	0.0293716
0.5	8	160221	45.2584	12852	1603.65	71.3571	0.0293716
0.5	8.25	160221	45.066	12960	1886.94	68.0151	0.0293721
0.5	8.5	160219	45.0223	12636	1778.39	64.8579	0.0293716
0.5	8.75	160220	44.9509	12348	1519.55	64.0254	0.0293721
0.5	9	160188	44.0957	12348	1519.55	39.1153	0.0293705
0.5	9.25	160191	44.0393	12960	1285.63	39.1493	0.0293716
0.5	9.5	160192	43.9569	13356	1544.93	38.6549	0.0293716
0.5	9.75	160192	43.9596	11700	1749	38.6307	0.029371
0.5	10	160183	44.4791	11988	1584.14	46.7775	0.0293705
0.6	1	160167	45.1836	13212	1519.55	59.4011	0.02937
0.6	1.25	160212	45.1138	12240	1338.63	52.2555	0.0293705
0.6	1.5	160234	44.9618	12492	1429.31	52.1318	0.029371
0.6	1.75	160234	44.7265	12132	1358.65	47.77	0.029371
0.6	2	160261	44.2134	12384	1501.68	40.2335	0.0293705
0.6	2.25	160274	44.0618	12492	1471.6	39.4757	0.0293716
0.6	2.5	160280	44.0663	13140	1447.33	39.4601	0.029371
0.6	2.75	160285	43.8789	13320	1639.75	38.5363	0.029371
0.6	3	160282	44.1453	12528	1372.41	41.589	0.0293705
0.6	3.25	160296	44.2882	12672	1389.31	49.9962	0.029371
0.6	3.5	160297	44.3593	12852	1643.56	53.678	0.029371
0.6	3.75	160294	44.3172	12492	1471.6	53.8025	0.0293716
0.6	4	160293	44.36	12816	1619.07	53.8291	0.0293716
0.6	4.25	160289	44.3396	13752	1860.19	53.9375	0.0293716
0.6	4.5	160286	44.3392	12132	1897.33	53.9354	0.029371
0.6	4.75	160285	44.4117	11952	1708.89	53.8342	0.0293705
0.6	5	160279	44.6468	13536	1078	55.1096	0.02937
0.6	5.25	160273	44.6148	13284	1401.23	54.7005	0.02937
0.6	5.5	160278	44.9598	12996	1192.72	67.0694	0.0293705
0.6	5.75	160272	44.9595	13500	1265.82	67.0321	0.0293705
0.6	6	160270	44.748	13320	1406.61	65.5198	0.0293705
0.6	6.25	160264	44.746	11160	1188.91	65.5584	0.0293705
0.6	6.5	160269	45.1211	12528	1118.51	74.4006	0.0293705
0.6	6.75	160260	44.5643	12420	1341.37	55.1708	0.0293705
0.6	7	160254	45.1744	12564	1396.91	69.3718	0.02937
0.6	7.25	160260	45.4516	12024	1181.62	79.9099	0.0293705
0.6	7.5	160257	45.4295	11664	1227.88	76.7841	0.0293705
0.6	7.75	160255	45.4277	11664	1372.41	76.7393	0.0293705
0.6	8	160253	45.519	11124	1637.24	79.3335	0.0293705
0.6	8.25	160240	44.9694	12204	1355.47	64.8109	0.0293716
0.6	8.5	160230	44.5743	11916	1465.13	54.6429	0.0293716
0.6	8.75	160210	44.0058	11664	1793.27	38.9639	0.029371
0.6	9	160208	44.1186	12456	1498.8	39.0947	0.02937
0.6	9.25	160207	44.0976	13248	973.998	39.111	0.02937
0.6	9.5	160214	43.9299	13176	1580.18	38.6815	0.0293705
0.6	9.75	160210	43.9637	12600	1626.25	38.6634	0.0293705
0.6	10	160202	44.2804	12816	1542.27	43.2174	0.02937
0.7	1	160236	44.9723	13176	1506.85	51.4012	0.02937
0.7	1.25	160258	44.4209	12744	1461.74	44.1476	0.0293716
0.7	1.5	160263	44.5189	12996	1529.19	46.376	0.0293716
0.7	1.75	160277	44.609	12492	1360.56	46.2114	0.0293705
0.7	2	160294	44.0709	11592	1528.48	39.4306	0.029371
0.7	2.25	160300	44.071	12636	1617.06	39.4506	0.0293716
0.7	2.5	160309	43.9966	12816	1269.05	38.6453	0.0293705
0.7	2.75	160310	43.9774	11772	1634.6	38.6929	0.029371
0.7	3	160310	44.0095	11628	1756.39	38.8206	0.0293705
0.7	3.25	160319	44.3966	13644	1766.69	50.0177	0.029371
0.7	3.5	160319	44.4263	13032	1464.39	49.9225	0.029371
0.7	3.75	160316	44.4997	13068	1429.31	54.075	0.0293716
0.7	4	160315	44.5276	12636	1452.69	54.0279	0.0293716
0.7	4.25	160308	44.4607	12816	1828.34	54.2197	0.029371
0.7	4.5	160306	44.4882	12924	1505.27	53.8376	0.0293705
0.7	4.75	160302	44.4818	12924	1522.39	53.3059	0.02937
0.7	5	160297	44.7561	12240	1474.39	54.4579	0.02937
0.7	5.25	160288	44.6474	13500	1015.9	54.5419	0.02937
0.7	5.5	160283	44.6477	12888	1234.54	54.5297	0.02937
0.7	5.75	160286	45.0172	11664	1735.23	66.3317	0.0293705
0.7	6	160288	44.8222	12312	1447.78	65.2072	0.02937
0.7	6.25	160281	44.7789	12276	1551.62	65.3947	0.02937
0.7	6.5	160273	44.4454	12312	1567.83	53.3563	0.02937
0.7	6.75	160276	44.5247	12240	1538.62	54.3615	0.02937
0.7	7	160276	44.5891	11484	1600.95	53.585	0.02937
0.7	7.25	160272	44.9657	12708	1828.69	64.4644	0.0293705
0.7	7.5	160272	45.344	11808	1441.5	72.7587	0.0293705
0.7	7.75	160269	45.4278	12312	1087.97	76.458	0.0293705
0.7	8	160258	45.0862	12672	1146.74	67.926	0.0293705
0.7	8.25	160248	44.6249	11736	1441.2	54.4712	0.029371
0.7	8.5	160231	44.009	11952	1447.48	38.9636	0.029371
0.7	8.75	160229	43.9622	12600	1348.6	39.0051	0.0293705
0.7	9	160226	44.0528	12960	1454.33	39.1375	0.02937
0.7	9.25	160226	44.051	12492	1308.77	39.1591	0.02937
0.7	9.5	160229	43.937	11556	1720.11	38.6835	0.02937
0.7	9.75	160225	43.9677	13356	1584.14	38.6692	0.0293705
0.7	10	160216	44.2838	11916	1587.95	43.1808	0.02937
0.8	1	160285	44.0013	13536	1291.32	38.4463	0.0293705
0.8	1.25	160293	44.3274	14076	1396.91	41.4866	0.0293705
0.8	1.5	160301	44.6772	15372	1191.27	46.1188	0.02937
0.8	1.75	160308	44.81	14544	1199.04	46.8214	0.02937
0.8	2	160321	44.2728	12024	1546.46	40.3285	0.0293705
0.8	2.25	160328	44.121	11844	1629.31	39.3544	0.0293705
0.8	2.5	160326	44.1716	11052	1707.5	39.8915	0.0293705
0.8	2.75	160326	44.1782	12384	1392.72	39.9007	0.0293705
0.8	3	160325	44.1629	11016	1945.55	39.7288	0.0293705
0.8	3.25	160333	44.4592	13644	1219.93	50.4081	0.029371
0.8	3.5	160332	44.4737	12564	1376.34	50.301	0.029371
0.8	3.75	160330	44.5718	13608	1262.57	53.8883	0.029371
0.8	4	160327	44.5533	12744	1535.53	53.93	0.0293716
0.8	4.25	160324	44.5821	12600	1589.72	53.8856	0.0293705
0.8	4.5	160320	44.5767	13284	1338.79	53.4479	0.02937
0.8	4.75	160316	44.5768	12672	1294.67	53.4503	0.02937
0.8	5	160308	44.8095	11016	1971.36	54.6569	0.02937
0.8	5.25	160301	44.7852	12888	1464.39	54.752	0.02937
0.8	5.5	160297	44.718	11088	1943.56	54.7341	0.02937
0.8	5.75	160293	44.745	11772	1781.3	54.6544	0.02937
0.8	6	160304	44.9949	12780	1787.11	61.457	0.02937
0.8	6.25	160296	44.8973	13428	1682.53	61.0756	0.02937
0.8	6.5	160289	44.6679	12816	1325.66	52.9882	0.02937
0.8	6.75	160285	44.6257	11160	1552.32	52.303	0.02937
0.8	7	160283	44.6349	12744	1087.57	52.2272	0.02937
0.8	7.25	160282	44.9246	13464	1255.71	60.8341	0.02937
0.8	7.5	160274	44.6456	13392	1473.22	57.2715	0.0293705
0.8	7.75	160275	45.0006	12348	1672.22	63.9299	0.0293705
0.8	8	160272	45.0726	12420	1362.46	66.9292	0.0293705
0.8	8.25	160245	44.0174	12420	1543.25	38.9803	0.029371
0.8	8.5	160246	44.018	12492	1510.43	38.9667	0.0293705
0.8	8.75	160246	44.0172	13140	1749	38.9672	0.0293705
0.8	9	160240	44.0586	11772	1222.76	39.1503	0.02937
0.8	9.25	160240	44.0588	12384	1459.37	39.1477	0.02937
0.8	9.5	160245	44.0208	11556	1720.11	38.7573	0.02937
0.8	9.75	160244	44.0527	11808	1857.64	38.7	0.02937
0.8	10	160238	44.0826	14220	894.704	38.6937	0.02937
0.9	1	160326	44.2562	12492	1429.31	40.1765	0.02937
0.9	1.25	160327	44.7474	11160	1480.24	43.2013	0.0293695
0.9	1.5	160327	44.9978	11988	1401.23	47.325	0.0293695
0.9	1.75	160328	45.0253	11340	1847.03	47.3243	0.0293695
0.9	2	160338	44.5076	12636	1461	41.3077	0.02937
0.9	2.25	160340	44.3351	12996	1516.14	40.5253	0.02937
0.9	2.5	160340	44.2802	12060	1634.6	39.9792	0.02937
0.9	2.75	160338	44.2596	11952	1361.67	39.8	0.02937
0.9	3	160341	44.2245	11988	1258.28	39.6817	0.0293705
0.9	3.25	160343	44.4957	9936	1720.99	50.203	0.0293705
0.9	3.5	160341	44.5078	10908	1964.01	50.1013	0.0293705
0.9	3.75	160344	44.6019	11412	1713.06	50.1894	0.0293705
0.9	4	160339	44.655	11808	1632.62	53.8622	0.029371
0.9	4.25	160334	44.6274	11988	1844.22	53.5581	0.02937
0.9	4.5	160331	44.7384	12744	1646.32	54.1212	0.02937
0.9	4.75	160324	44.6097	11664	1616.93	53.4543	0.02937
0.9	5	160316	44.8397	12204	1396.91	54.6597	0.02937
0.9	5.25	160307	44.4592	12780	1689.19	42.4276	0.02937
0.9	5.5	160312	44.7587	13140	1587.95	53.6565	0.02937
0.9	5.75	160308	44.6926	13356	1516.14	53.6383	0.02937
0.9	6	160313	45.0061	13680	2147.36	61.3306	0.02937
0.9	6.25	160305	44.6984	11844	1902.33	49.5559	0.02937
0.9	6.5	160300	44.7475	10908	2023.38	49.3331	0.02937
0.9	6.75	160294	44.6615	11412	1701.93	52.2306	0.02937
0.9	7	160293	44.6675	12240	1447.78	52.1537	0.02937
0.9	7.25	160290	44.5942	11628	1351	48.664	0.02937
0.9	7.5	160290	44.8988	12924	1520.69	57.3004	0.02937
0.9	7.75	160279	44.4271	12348	1553.29	47.7981	0.0293705
0.9	8	160279	44.9894	12132	1274.66	61.0825	0.0293705
0.9	8.25	160260	44.0606	10944	1528.76	38.9164	0.0293705
0.9	8.5	160259	44.0242	11988	1407.99	38.9641	0.0293705
0.9	8.75	160259	44.0235	12708	1270.58	38.9797	0.0293705
0.9	9	160255	44.078	11664	1705.1	39.1197	0.02937
0.9	9.25	160259	44.0817	12312	1435.49	39.0301	0.02937
0.9	9.5	160258	44.0606	12960	1412.44	38.7096	0.02937
0.9	9.75	160255	44.0586	13176	1294.67	38.7185	0.02937
0.9	10	160248	44.089	13428	1201.38	38.6855	0.02937
